2240
2231
2172
2082
1987
1924
1928
2000
2104
2190
2241
2234
2175
2086
1992
1927
1930
2001
2104
2191
2243
2236
2177
2089
1995
1928
1929
1998
2103
2189
2241
2236
2179
2091
1996
1928
1928
1997
2101
2189
2241
2238
2181
2094
1998
1930
1928
1996
2100
2188
2243
2240
2183
2096
2001
1933
1929
1995
2098
2187
2242
2240
2184
2096
2002
1932
1927
1992
2097
2187
2242
2240
2185
2098
2003
1932
1927
1991
2094
2183
2241
2242
2187
2101
2006
1935
1927
1990
2093
2183
2241
2243
2189
2102
2007
1935
1928
1989
2091
2181
2237
2239
2186
2101
2006
1932
1919
1979
2082
2174
2234
2236
2186
2101
2006
1933
1922
1982
2087
2181
2242
2247
2198
2113
2017
1941
1928
1986
2090
2184
2245
2252
2203
2118
2022
1946
1932
1988
2089
2181
2241
2247
2199
2115
2020
1943
1928
1983
2084
2177
2240
2249
2201
2117
2020
1943
1927
1982
2083
2175
2239
2249
2201
2119
2024
1945
1926
1980
2080
2175
2238
2250
2203
2122
2025
1946
1926
1978
2080
2175
2238
2246
2188
2091
1979
1879
1837
1871
1962
2064
2152
2209
2236
2238
2219
2218
2269
2386
2562
2733
2870
2933
2905
2793
2630
2446
2313
2265
2279
2328
2369
2364
2306
2215
2108
2015
1976
2011
2100
2192
2254
2266
2220
2136
2037
1951
1923
1966
2062
2158
2226
2243
2202
2121
2024
1940
1910
1954
2051
2148
2219
2238
2197
2117
2022
1937
1909
1951
2047
2145
2213
2234
2194
2116
2021
1936
1906
1947
2044
2143
2213
2234
2196
2116
2022
1937
1904
1943
2037
2136
2206
2228
2193
2116
2020
1934
1900
1938
2033
2132
2203
2226
2190
2114
2018
1931
1897
1935
2030
2130
2201
2225
2190
2114
2018
1932
1895
1930
2022
2124
2197
2222
2189
2113
2016
1931
1893
1927
2020
2122
2196
2223
2192
2116
2021
1934
1896
1930
2025
2127
2201
2230
2199
2126
2031
1945
1904
1938
2031
2136
2211
2241
2212
2139
2047
1959
1918
1949
2041
2144
2221
2252
2221
2148
2055
1966
1922
1950
2041
2145
2221
2252
2223
2151
2056
1967
1923
1950
2040
2143
2220
2253
2225
2153
2060
1967
1921
1948
2038
2143
2219
2254
2228
2156
2061
1969
1922
1947
2035
2139
2216
2252
2227
2156
2063
1971
1922
1945
2033
2137
2214
2252
2227
2157
2062
1970
1920
1944
2031
2133
2213
2250
2227
2158
2065
1973
1923
1944
2029
2131
2210
2250
2228
2160
2067
1975
1922
1942
2027
2133
2212
2251
2232
2164
2071
1979
1925
1943
2029
2133
2213
2254
2235
2167
2075
1982
1928
1944
2026
2130
2211
2253
2235
2168
2077
1983
1928
1944
2024
2130
2212
2255
2238
2172
2081
1988
1930
1945
2024
2129
2212
2256
2240
2174
2083
1989
1933
1946
2025
2130
2212
2258
2243
2178
2088
1992
1933
1944
2023
2128
2212
2257
2244
2180
2090
1996
1935
1945
2023
2129
2212
2259
2246
2182
2091
1998
1937
1944
2022
2126
2211
2259
2247
2184
2095
1999
1938
1944
2019
2124
2209
2257
2247
2186
2096
2000
1938
1944
2017
2123
2209
2259
2248
2188
2098
2003
1940
1943
2016
2121
2207
2257
2249
2190
2101
2005
1940
1943
2014
2119
2206
2256
2248
2189
2100
2004
1937
1937
2007
2113
2201
2253
2246
2189
2101
2005
1939
1940
2009
2117
2206
2260
2256
2199
2112
2015
1947
1945
2014
2119
2207
2263
2259
2203
2115
2018
1948
1946
2013
2115
2204
2259
2256
2198
2111
2015
1946
1942
2007
2111
2201
2257
2257
2202
2115
2019
1948
1941
2005
2109
2200
2257
2257
2203
2118
2021
1947
1941
2005
2108
2198
2256
2258
2205
2119
2023
1949
1940
2003
2105
2198
2255
2251
2186
2085
1973
1879
1850
1894
1990
2090
2171
2221
2243
2238
2219
2225
2284
2412
2593
2761
2889
2942
2901
2780
2613
2432
2311
2274
2296
2346
2382
2370
2307
2211
2104
2015
1988
2034
2128
2215
2272
2276
2223
2136
2037
1958
1941
1992
2093
2185
2247
2254
2205
2121
2025
1947
1929
1982
2083
2177
2240
2250
2202
2121
2025
1946
1927
1979
2077
2172
2236
2247
2200
2120
2027
1947
1925
1975
2075
2170
2234
2247
2201
2120
2024
1945
1923
1972
2072
2167
2230
2244
2200
2118
2024
1942
1918
1967
2068
2164
2229
2243
2200
2119
2023
1943
1918
1965
2063
2160
2226
2242
2198
2119
2024
1942
1916
1962
2059
2155
2222
2239
2197
2118
2024
1942
1915
1960
2056
2155
2223
2242
2203
2125
2031
1947
1919
1964
2061
2159
2228
2248
2210
2134
2039
1957
1929
1972
2068
2167
2237
2258
2220
2146
2053
1968
1938
1980
2074
2172
2242
2264
2227
2151
2057
1972
1941
1979
2074
2172
2242
2266
2229
2153
2060
1975
1941
1978
2072
2170
2241
2265
2229
2154
2062
1975
1940
1977
2071
2170
2241
2266
2231
2156
2063
1976
1940
1976
2068
2167
2238
2264
2229
2155
2064
1977
1941
1974
2064
2163
2235
2262
2230
2156
2063
1976
1938
1971
2062
2161
2233
2261
2230
2158
2066
1979
1939
1969
2059
2158
2231
2260
2231
2159
2067
1980
1939
1967
2056
2157
2231
2261
2233
2162
2072
1984
1942
1970
2058
2159
2232
2264
2236
2165
2074
1986
1943
1969
2057
2157
2232
2264
2238
2168
2076
1988
1944
1969
2053
2154
2229
2263
2239
2170
2079
1990
1945
1968
2052
2153
2230
2263
2239
2170
2079
1992
1945
1966
2051
2152
2228
2264
2241
2174
2084
1995
1947
1968
2050
2152
2230
2265
2244
2178
2089
1998
1949
1968
2050
2152
2229
2268
2246
2179
2090
1999
1951
1968
2049
2150
2228
2266
2247
2181
2092
2002
1950
1967
2047
2147
2226
2266
2248
2183
2095
2006
1952
1968
2047
2148
2226
2265
2249
2184
2095
2007
1954
1968
2045
2146
2223
2264
2248
2185
2096
2005
1949
1963
2041
2141
2220
2262
2248
2185
2097
2010
1954
1965
2043
2146
2226
2270
2255
2195
2107
2017
1960
1969
2046
2148
2228
2275
2261
2200
2112
2021
1962
1970
2041
2141
2222
2268
2256
2196
2109
2018
1961
1969
2040
2141
2222
2268
2257
2198
2113
2021
1961
1967
2037
2137
2219
2268
2257
2199
2113
2023
1962
1965
2036
2136
2218
2267
2257
2199
2115
2025
1962
1966
2035
2135
2215
2255
2235
2163
2060
1951
1872
1863
1930
2040
2149
2248
2308
2318
2302
2286
2286
2356
2500
2669
2820
2909
2897
2794
2619
2424
2266
2183
2198
2271
2333
2368
2349
2283
2189
2089
2013
2000
2056
2150
2229
2277
2270
2214
2128
2034
1965
1960
2021
2120
2204
2257
2255
2201
2117
2025
1959
1953
2013
2112
2198
2251
2251
2200
2116
2026
1957
1950
2010
2109
2195
2250
2249
2198
2117
2027
1957
1947
2007
2107
2194
2249
2251
2199
2118
2027
1957
1947
2005
2103
2190
2246
2249
2200
2119
2028
1958
1947
2005
2103
2190
2248
2252
2202
2122
2031
1958
1946
2003
2101
2190
2246
2251
2203
2123
2031
1960
1946
2002
2099
2187
2246
2254
2207
2128
2038
1966
1951
2004
2102
2193
2252
2261
2216
2137
2046
1973
1958
2010
2107
2197
2259
2269
2225
2146
2056
1982
1965
2016
2113
2204
2265
2275
2230
2150
2060
1983
1963
2012
2107
2197
2258
2269
2224
2146
2054
1977
1956
2005
2101
2191
2254
2266
2223
2146
2054
1978
1956
2003
2097
2189
2252
2267
2224
2146
2054
1979
1956
2001
2095
2187
2252
2266
2223
2147
2056
1977
1953
1998
2093
2185
2249
2265
2225
2149
2058
1979
1952
1996
2090
2183
2246
2264
2225
2149
2058
1979
1952
1994
2086
2181
2246
2263
2227
2152
2060
1981
1954
1995
2087
2182
2248
2266
2228
2153
2063
1982
1953
1993
2085
2181
2248
2267
2231
2156
2067
1987
1955
1993
2083
2178
2247
2269
2234
2159
2068
1986
1955
1991
2083
2178
2246
2268
2234
2161
2071
1989
1955
1991
2080
2175
2245
2271
2238
2165
2075
1991
1956
1991
2080
2175
2246
2270
2238
2167
2078
1994
1958
1991
2079
2175
2245
2271
2240
2169
2078
1994
1957
1989
2076
2173
2245
2273
2241
2171
2082
1997
1958
1989
2076
2173
2245
2274
2245
2175
2084
1998
1959
1988
2074
2170
2243
2273
2244
2175
2085
1999
1956
1985
2071
2169
2243
2273
2246
2176
2086
2000
1959
1983
2069
2168
2241
2273
2248
2177
2087
2001
1957
1983
2067
2165
2238
2272
2246
2178
2089
2002
1956
1979
2061
2161
2236
2269
2246
2178
2087
2000
1956
1979
2062
2161
2239
2275
2254
2188
2099
2012
1964
1984
2068
2167
2243
2281
2260
2193
2104
2017
1968
1987
2066
2165
2240
2278
2257
2190
2101
2013
1963
1981
2062
2161
2239
2279
2259
2193
2105
2016
1966
1982
2061
2160
2237
2278
2260
2195
2107
2018
1964
1980
2059
2159
2237
2278
2260
2196
2108
2018
1964
1979
2056
2158
2237
2277
2260
2192
2093
1989
1918
1912
1970
2054
2126
2173
2175
2147
2120
2102
2114
2201
2349
2515
2671
2789
2844
2841
2776
2663
2542
2452
2425
2431
2434
2438
2397
2315
2213
2109
2040
2038
2101
2192
2264
2302
2283
2218
2126
2031
1970
1974
2044
2144
2224
2270
2258
2197
2109
2018
1956
1961
2033
2135
2217
2265
2254
2196
2109
2017
1955
1960
2032
2132
2213
2262
2253
2195
2109
2017
1954
1957
2026
2127
2212
2261
2252
2194
2109
2015
1951
1953
2021
2123
2207
2257
2250
2193
2107
2015
1951
1951
2018
2120
2206
2256
2250
2194
2107
2015
1949
1949
2016
2117
2204
2256
2252
2195
2109
2016
1948
1946
2011
2113
2199
2253
2249
2194
2108
2016
1947
1944
2009
2111
2200
2254
2251
2197
2114
2021
1954
1950
2013
2115
2203
2258
2259
2206
2123
2031
1962
1956
2020
2122
2210
2266
2268
2216
2132
2040
1969
1961
2022
2124
2213
2269
2270
2219
2135
2041
1970
1960
2019
2121
2210
2269
2271
2219
2136
2042
1969
1959
2017
2118
2208
2267
2271
2221
2138
2044
1970
1958
2015
2116
2207
2266
2270
2220
2138
2043
1969
1956
2014
2114
2205
2265
2271
2222
2140
2047
1971
1955
2011
2112
2201
2264
2271
2223
2141
2046
1969
1953
2008
2107
2198
2262
2271
2224
2143
2049
1972
1955
2007
2106
2199
2262
2271
2226
2144
2050
1973
1954
2005
2104
2198
2262
2274
2229
2148
2053
1976
1955
2005
2105
2200
2263
2276
2232
2151
2056
1977
1955
2004
2103
2197
2262
2275
2232
2153
2058
1977
1955
2004
2100
2195
2260
2276
2236
2156
2060
1980
1956
2002
2101
2196
2262
2279
2237
2158
2064
1982
1956
2002
2099
2195
2261
2280
2240
2160
2066
1984
1955
2001
2097
2193
2260
2280
2240
2162
2069
1985
1957
2002
2095
2191
2260
2280
2242
2165
2071
1988
1958
2000
2095
2191
2261
2280
2243
2166
2072
1988
1958
1998
2092
2189
2259
2281
2245
2169
2074
1990
1957
1996
2089
2188
2258
2281
2246
2171
2077
1992
1959
1996
2088
2187
2258
2281
2247
2172
2080
1992
1957
1993
2086
2186
2257
2282
2248
2173
2081
1994
1957
1992
2083
2182
2253
2279
2246
2172
2079
1990
1954
1988
2078
2177
2250
2277
2246
2173
2081
1994
1955
1989
2081
2182
2257
2287
2257
2183
2090
2003
1961
1993
2083
2185
2259
2291
2259
2187
2093
2005
1964
1992
2079
2181
2255
2285
2257
2185
2092
2003
1961
1989
2077
2180
2255
2287
2259
2188
2096
2006
1962
1988
2076
2178
2254
2286
2260
2189
2096
2007
1962
1987
2074
2177
2254
2287
2261
2190
2099
2009
1962
1986
2072
2175
2247
2271
2231
2144
2032
1922
1857
1870
1963
2084
2202
2306
2362
2371
2357
2338
2356
2453
2613
2786
2918
2975
2929
2798
2605
2404
2257
2192
2228
2304
2362
2387
2353
2273
2170
2066
2004
2014
2090
2187
2262
2296
2272
2202
2108
2013
1958
1975
2056
2159
2238
2278
2258
2190
2098
2004
1950
1967
2047
2150
2231
2271
2254
2188
2097
2004
1949
1963
2043
2147
2228
2270
2253
2187
2097
2004
1949
1961
2039
2145
2227
2269
2252
2188
2097
2004
1946
1957
2035
2139
2222
2266
2252
2186
2096
2001
1943
1953
2029
2133
2217
2263
2249
2185
2095
2001
1941
1949
2024
2130
2214
2261
2248
2184
2094
2000
1938
1946
2020
2123
2207
2255
2244
2182
2093
1999
1936
1942
2016
2120
2205
2254
2244
2183
2096
2001
1939
1945
2019
2123
2211
2263
2253
2193
2104
2009
1947
1952
2025
2131
2218
2271
2264
2207
2120
2025
1961
1963
2035
2141
2228
2279
2274
2215
2127
2031
1965
1968
2038
2141
2228
2281
2275
2217
2129
2034
1966
1967
2037
2139
2227
2281
2277
2220
2133
2038
1968
1966
2034
2138
2226
2279
2277
2220
2134
2039
1970
1966
2033
2137
2225
2279
2277
2221
2134
2039
1968
1962
2027
2132
2220
2277
2275
2221
2135
2040
1969
1962
2026
2131
2221
2278
2279
2224
2137
2042
1969
1961
2024
2129
2220
2277
2278
2224
2139
2045
1971
1963
2025
2128
2219
2279
2281
2229
2144
2049
1974
1963
2025
2129
2220
2278
2283
2233
2147
2051
1976
1964
2023
2126
2219
2279
2284
2233
2148
2052
1975
1964
2023
2124
2217
2278
2285
2235
2151
2056
1979
1966
2023
2124
2218
2280
2288
2238
2155
2060
1982
1966
2021
2123
2218
2281
2289
2240
2157
2062
1983
1967
2022
2123
2217
2280
2289
2242
2159
2063
1986
1967
2020
2120
2215
2280
2292
2244
2161
2065
1986
1966
2018
2118
2213
2279
2290
2245
2164
2068
1988
1967
2017
2117
2213
2279
2292
2248
2166
2070
1989
1967
2017
2117
2212
2278
2293
2249
2168
2072
1990
1965
2014
2114
2211
2279
2294
2250
2170
2073
1992
1967
2013
2112
2210
2276
2293
2253
2173
2076
1991
1964
2009
2107
2204
2272
2290
2249
2168
2072
1988
1960
2004
2103
2202
2271
2290
2251
2172
2078
1995
1967
2011
2109
2208
2276
2296
2258
2179
2084
2000
1970
2014
2111
2210
2279
2299
2262
2184
2087
1998
1965
2007
2103
2204
2276
2297
2260
2184
2088
2003
1970
2007
2103
2204
2275
2298
2262
2185
2090
2004
1970
2008
2102
2202
2274
2298
2264
2187
2091
2005
1969
2005
2099
2200
2274
2299
2264
2190
2094
2007
1969
2001
2083
2167
2225
2232
2177
2085
1981
1896
1878
1951
2111
2294
2447
2554
2595
2588
2570
2556
2588
2675
2788
2866
2879
2808
2667
2494
2314
2173
2102
2113
2191
2281
2344
2361
2318
2233
2131
2034
1987
2013
2099
2197
2270
2299
2268
2192
2097
2005
1960
1988
2078
2179
2254
2286
2258
2184
2090
1998
1953
1981
2070
2173
2251
2284
2257
2184
2089
1997
1952
1978
2066
2169
2247
2281
2255
2184
2090
1999
1952
1975
2063
2166
2244
2279
2254
2183
2088
1996
1946
1969
2055
2159
2239
2276
2251
2180
2086
1993
1943
1965
2051
2154
2233
2271
2248
2179
2086
1993
1941
1960
2045
2150
2230
2269
2246
2177
2083
1989
1936
1954
2038
2143
2225
2265
2243
2176
2084
1989
1935
1954
2038
2143
2224
2266
2247
2181
2088
1995
1941
1959
2042
2148
2230
2273
2255
2190
2098
2004
1949
1967
2049
2156
2240
2285
2269
2204
2113
2019
1962
1976
2058
2164
2248
2292
2276
2211
2119
2025
1966
1978
2058
2164
2247
2293
2278
2213
2121
2027
1967
1978
2057
2162
2247
2293
2279
2215
2124
2029
1968
1978
2055
2160
2244
2291
2280
2216
2126
2029
1967
1975
2052
2156
2242
2290
2278
2215
2124
2028
1965
1971
2047
2152
2239
2288
2278
2216
2126
2030
1966
1971
2045
2151
2236
2285
2276
2216
2127
2032
1966
1970
2042
2149
2235
2286
2278
2219
2130
2033
1968
1970
2042
2148
2236
2287
2281
2222
2133
2037
1970
1970
2041
2146
2234
2288
2283
2225
2136
2039
1972
1971
2040
2145
2234
2288
2284
2226
2138
2042
1973
1972
2039
2144
2234
2289
2286
2228
2141
2045
1975
1973
2041
2145
2233
2289
2286
2232
2145
2049
1977
1973
2039
2144
2235
2291
2289
