24711.5
25582
26390.9
27124.1
27785.3
28391.1
28933.6
29407.6
29821.8
30175.3
30469.6
30706.1
30878.4
30987.5
31034.1
31016.1
30940.2
30814
30636.8
30411.5
30141
29817.2
29443.1
29025.7
28553.8
28019.9
27429.8
26781.6
26078.2
25342.8
24576.6
23780.5
22981.1
21906.1
21187.7
20458.7
19469.3
18591.9
17856.1
19063.1
18655.4
19138.1
18887.4
20007.8
20906.3
21881
22748.5
23570
24347.6
25065.2
25720.5
26324
26876.1
27373.1
27809.8
28183.3
28496.3
28748.6
28943.7
29084.6
29169.1
29195.5
29165.3
29084.1
28954.5
28780.4
28562.3
28291
27968.6
27600
27186.2
26722.4
26207
25637.4
25019.5
24375.1
23709
23024.6
22329.8
21292.9
20653.1
19872.7
19285.9
18467.5
19549.6
19057.6
18765.1
20099.6
21643.4
22793.2
23872.5
24949.8
25903.9
26789.4
27593.5
28316.5
28976.2
29565.3
30077.9
30522
30896.7
31205.7
31451.3
31627.7
31736.2
31777.9
31749.9
31659.6
31515.5
31316.9
31066.3
30768.4
30415.2
30009.7
29560.5
29057.8
28492.4
27868.6
27185.2
26445.4
25673.8
24872.4
24039.6
23201.6
22055.4
21306.1
20557.3
19556.1
18624.5
17854.3
18852.5
18402.9
18648.1
18347.3
19466.1
20338.5
21274.7
22126.2
22926.4
23685.9
24388.6
25031.3
25624.3
26167.5
26656.6
27087.4
27458.1
27771.4
28027.4
28229.1
28378
28471.6
28508.2
28489.1
28419.7
28303.6
28143.4
27940.5
27687.1
27384.7
27037.9
26647.8
26208.8
25718.9
25176.2
24585.5
23967.2
23325.4
22661.7
21983.6
20996.6
20366.5
19632.1
19049.2
18227.5
19379.2
18894.5
18560.9
19724.3
21326.1
22500.8
23571.6
24668.1
25634.2
26532.7
27351.8
28088.8
28763
29368.4
29898.6
30359.2
30749.9
31074.3
31334.6
31525.7
31648.9
31704
31689
31611.1
31479
31293.2
31055.6
30770.2
30427.9
30031.9
29591.4
29096.9
28539
27921.8
27244.6
26511.2
25746.1
24951.3
24124.5
23289.4
22132.2
21384.6
20643.1
19670.2
18717.1
17941.6
18904.8
18446.5
18515.5
18187.2
19335.5
20214.6
21137.3
22000
22804
23568.2
24277.1
24926.2
25525.9
26076.7
26573
27009.4
27385.2
27703.1
27965.1
28174.7
28332.7
28436.2
28482.3
28471.6
28410.5
28302.4
28150.3
27955.8
27711.3
27417
27078.7
26697.7
26267.4
25785.2
25249.8
24665.7
24052.4
23413.8
22750.3
22067.4
21080.9
20443.4
19732
19136.7
18292.8
19473.9
18973.8
18598.5
19565.2
21210.6
22397.4
23453
24556.2
25518.9
26413.3
27231.5
27968.9
28643.5
29250.9
29784.1
30248.2
30643.3
30974.6
31244.4
31447.8
31585.8
31658.5
31663.1
31604.6
31492.7
31327.5
31110.4
30845
30522.4
30145.3
29723.7
29248.7
28709.7
28110.3
27451
26735.9
25990.5
25216.8
24410.2
23592.4
22443.9
21716.5
20998.1
20074.7
19119
18352.9
19419
18974.1
18926.3
20567.5
21965.3
23060.1
24163.8
25197.4
26127.5
26990.9
27769.7
28468.1
29100.7
29658.6
30137.8
30548.1
30889.5
31165.2
31377.9
31522.9
31606.5
31632.6
31601.9
31523.2
31402.4
31234.6
31023.3
30775.7
30486.5
30160.7
29802.4
29394.4
28923.2
28389.4
27788.4
27122.5
26414.1
25665.6
24882.6
24095.2
23004.8
22292.8
21541.1
20529.2
19674
18931.3
20237.6
19830.5
20577.8
22299.2
23523.9
24566.3
25669.8
26617.5
27487
28284.4
28993.6
29623.5
30183.8
30667.7
31077.4
31420.7
31692.3
31893.7
32025.8
32083.7
32074.6
32001.2
31863.3
31668.9
31424.9
31131.4
30795.5
30421.4
29998.3
29528.9
29015.6
28446.6
27818.7
27138.4
26401.8
25614.7
24804.6
23973.4
23131.5
22311.3
21155.3
20439.9
19554.9
18581
17811.4
18886.7
18438.8
18242.9
19723.4
21227.9
22373.6
23483.4
24565.7
25533
26434.5
27255.8
27999.1
28679.3
29289.1
29824.8
30294.1
30694.4
31028.6
31299.9
31501.5
31635
31701
31696.6
31628.2
31504.3
31324.9
31092.6
30812.2
30475.1
30085.1
29649.8
29158.1
28601.8
27986.7
27312.3
26581.8
25819.6
25027.3
24204.4
23378
22252
21510.6
20759.7
19748.9
18844.3
18083.4
19209.4
18778.8
19203
18925.2
20023.4
20896.7
21847.3
22696.7
23499.3
24259.6
24962.6
25605.6
26197.4
26738.5
27227.1
27656.9
28024.3
28332.8
28582.4
28775.3
28914.7
28998.7
29025.3
28995.1
28913.5
28783
28607.9
28388.8
28117.2
27794.7
27425.3
27010.6
26546.1
26030
25460.2
24842
24196.4
23527.6
22839.2
22139
21107.3
20458.9
19677.2
19082.5
18255.5
19261.4
18755.4
18444.9
19732.8
21269.8
22406.4
23469.8
24539.2
25484.2
26361.9
27161.3
27883.7
28545.3
29138.9
29658.8
30111.7
30496.6
30816.5
31073.8
31262.2
31383.2
31437.6
31422
31343.1
31209.8
31022.5
30783.1
30495.5
30152.4
29757.1
29317.8
28824.3
28267.9
27652.7
26977.4
26245.9
25483
24689.8
23864.6
23032.4
21904
21158
20412.6
19419.7
18488.1
17722
18731.5
18286.9
18501.7
18201.5
19330.3
20207.6
21150.4
22014.3
22825.7
23597.3
24314.7
24974.6
25585.7
26148.3
26658.2
27110
27501.4
27834.7
28110.8
28331.7
28499.1
28611.4
28666.4
28663.8
28610
28507.3
28358.4
28165
27919.4
27623.5
27282.1
26896.1
26459.8
25971.4
25428.7
24837
24217.1
23573.4
22906.6
22223.5
21229.4
20591.9
19855.5
19261.8
18426.1
19535.6
19028.9
18675.3
19789.7
21392.8
22557
23609.1
24693.6
25645.6
26527.9
27330.8
28054
28716
29310.2
29829.2
30280.7
30663.4
30981.1
31236.4
31423.5
31543.4
31597.5
31582.1
31502.4
31368.1
31179.9
30939.8
30652
30309.3
29915.1
29478
28989
28437.1
27825.4
27153.4
26425.7
25667.8
24881.9
24065.1
23239.9
22097.9
21360.8
20629.1
19670.9
18721.6
17952.7
18917.5
18466.5
18516
18189.5
19361.9
20254.8
21185.6
22062.2
22877.6
23651.6
24370.3
25029
25639.4
26200.6
26707.5
27155.3
27543.7
27875.8
28152.3
28375.1
28545.6
28660.9
28717.9
28718
28668.8
28573.3
28434
28252.8
28022.2
27742.8
27419.5
27053.4
26637.5
26169.3
25648.1
25078.2
24479.4
23855.5
23205.7
22535.9
21563
20936.1
20239.2
19653.3
18814.3
18079.5
17409.6
16860.2
17617.8
19148.9
20244
21219.1
22273.5
23201.6
24071.5
24882.7
25629.3
26316.2
26939.2
27491.5
27978.3
28408.2
28785.5
29108.9
29372.4
29568.5
29695.7
29753.8
29747.2
29684.1
29568.9
29401.9
29188.5
28936.1
28649.7
28333.6
27981.5
27584.2
27137.6
26641.5
26097.6
25511.6
24888.2
24232.5
23559.1
22893.8
22233.1
21573.6
20707.5
19786.3
19049
20235.7
19819.8
19781.7
21435
22871
23991
25114.3
26167.7
27109.4
27978.1
28759.3
29456.6
30086.1
30638.7
31111.5
31513.9
31845.3
32109.8
32309.2
32436.1
32493.1
32481.7
32398.3
32250
32045.5
31783.8
31468.1
31104.6
30684.8
30212.6
29695
29122
28487.7
27798.9
27054.8
26261.7
25444.9
24604.4
23742.3
22886.7
21721.8
20964.4
20179.5
19142.1
18264.7
17513
18801.4
18401.7
19141.4
20914.2
22195.4
23290.9
24460.2
25478.7
26420.6
27293.5
28080.8
28790.1
29433.4
30002.1
30498.8
30932.2
31298.5
31598.2
31830.7
31988.1
32077.3
32099.4
32052.7
31946
31786.3
31571.2
31306.3
30995.2
30627.8
30206.4
29732.1
29193.9
28589.9
27926.5
27200.3
26417.2
25604.9
24765.2
23909.4
23070.6
21896.7
21156
20247.3
19236.9
18431.2
19414.7
18927.9
18731.6
20246.2
21718.6
22841.6
23942.4
25008.2
25958.8
26839.3
27642.4
28366.4
29028.8
29620.9
30136.6
30586.3
30969
31287.6
31543.2
31729
31846.5
31897.2
31878
31796.6
31661.9
31473.8
31234.3
30947.6
30605.3
30210.1
29769.1
29271.2
28708.1
28085.5
27402.4
26661.9
25888.4
25083.2
24246.7
23406.8
22277.4
21519.7
20746.2
19708
18790.7
18011.6
19072.3
18618.1
19118.3
18839.3
19932.9
20811.7
21770.4
22626.6
23435.7
24200.9
24910.4
25558.2
26156.4
26701.8
27192.9
27624.8
27995.8
28308.8
28562.9
28759.7
28902.7
28989.3
29017.7
28989.4
28909.8
28781.2
28608
28390.4
28120.8
27801.5
27435.5
27024.7
26564.4
26052.6
25486.3
24870.2
24224.9
23555.7
22866.9
22166.7
21143.2
20494.7
19695.3
19101.6
18277.1
17572.6
16913.9
16329.6
15796.4
15304.5
14849.7
14428
14035.4
15660
17464.3
19451.6
21610.4
23904.4
26302.4
28777.9
31300.8
33852
36416.4
38968.7
41487
43972.7
46422.5
48829.8
51197.2
53516.1
55771.5
57952.5
60042
62035.6
63927.3
65715.1
67401
68981.9
70455.9
71818.3
73069.2
74194.2
75186.7
76048.9
76785.6
77382.4
77827.7
78118.9
78257.9
78270.5
78178.1
77994.6
77739.2
77061.8
76401
75755.5
75128.3
74518.9
73928
73357.7
72803.8
72263.7
71739
71224.7
70718.1
70221.2
69735.5
69269.9
68821.6
68385.9
67959
67541.1
67135.1
66742.6
66370.6
66018.2
65677.5
65341.7
65016.4
64708.3
64415.2
64144.2
63890.4
63652.9
63426
63207
62996.9
62796.1
62603.3
62423.6
62257.2
62108.7
61966.9
61829.4
61689.5
61554.9
61424.8
61294.4
61162.5
61028.3
60894.1
60759.8
60629
60502.5
60387.8
60282.5
60182.3
60087.7
60001.7
59923
59845.8
59773.8
59708.5
59651.5
59608.4
59585
59572.7
59568.8
59567
59563
59562.8
59560.3
59558.1
59546.8
59532.7
59520.4
59509.7
59507.1
59515.8
59531.2
59549.4
59564.8
59583.3
59600.1
59617
59631.7
59647.8
59668.4
59691.1
59707.1
59717.5
59719.7
59718.8
59714.6
59703.8
59689.2
59667.5
59631.4
59579.5
59511.9
59431.4
59332.9
59215.6
59070.2
58896.8
58689.4
58447.1
58171.6
57871.8
57570.1
57263
56969.1
56713.5
56521
56403.9
56374.9
56445.3
56580.1
56760.7
57019.8
57377
57850.8
58455.6
59134.8
59833.1
60492
61081.9
61592.6
62016.7
62365.7
62659
62902.7
63085.8
63220.7
63313.5
63374.2
63406
63409
63376.6
63296.6
63164
62983.7
62758.3
62488.3
62180.7
61845.3
61485.6
61113.7
60734.9
60348.8
59953.7
59541.6
59103.4
58631
58122.2
57577.3
57000.1
56409.9
55815.6
55220.3
54628.6
54046.6
53487
52957.7
52470.2
52033.3
51650.5
51315.3
51023.9
50778.9
50577
50417
50299.2
50218.9
50175.4
50168.6
50195.8
50258.5
50352.2
50468.1
50610.3
50766.5
50926.9
51087
51245.5
51397.2
51547.8
51699.6
51854.9
52008
52157.7
52300.2
52439.7
52580.4
52721.3
52859
52985.3
53101
53204.7
53289.9
53355.1
53396.3
53419.6
53424.1
53400.8
53355.3
53296.3
53227.8
53151.9
53062.4
52958.1
52847.3
52736.5
52624.1
52514.1
52408
52303.3
52200.5
52107.9
52023.6
51948.9
51883.7
51829.2
51783.1
51744.6
51711.3
51677.1
51647
51622.5
51600.8
51588.6
51586.9
51597.3
51615
51646.8
51688.9
51742.3
51799
51853.4
51907.1
51956.3
52001.8
52043.2
52075.8
52102.8
52122.2
52131.9
52129
52117.8
52099.8
52075.5
52048.2
52017.8
51972.6
51909.7
51832.8
51747
51652.4
51548.3
51435.9
51308.7
51168.9
51020.7
50866.9
50708.1
50545
50381.3
50214.2
50039.3
49862.4
49685.1
49512.9
49345
49192.2
49055
48931.6
48814.1
48705.8
48598.4
48490
48386.3
48293
48216.5
48160.9
48120.5
48088.9
48064
48036.4
48001.7
47958.3
47911.1
47860.4
47805.8
47753.9
47709.4
47669.8
47641.1
47626.5
47622.5
47622.8
47630
47643.2
47656.4
47668.4
47680.6
47688.3
47686
47675.5
47659.3
47636
47603.2
47566.6
47536
47506.5
47479.4
47460.5
47441.6
47415.4
47398.3
47393
47392.5
47396.4
47412.9
47436.1
47458.7
47494.4
47547.8
47605.5
47664.3
47733.6
47804.8
47874.7
47951.5
48034.7
48115.5
48194.2
48276.2
48359.3
48442.4
48524.6
48611.7
48692.5
48769
48844.5
48922.4
48994.6
49056.7
49106.8
49141
49155.9
49157.3
49152.5
49140.7
49112.7
49070.4
49017.6
48954.7
48878.4
48794.7
48708.6
48622.6
48529
48431.1
48335.6
48242.8
48151.1
48060.5
47974.7
47901.1
47836.3
47780.5
47734.4
47703.6
47689.1
47691.5
47706.9
47731.9
47766.8
47809.5
47853
47897.1
47943
47987
48029.2
48063.5
48094.9
48125.5
48158.9
48191.1
48224.1
48260.7
48301.6
48349.6
48398.4
48451.7
48513.1
48579
48654.4
48738.2
48832.1
48937
49046.1
49155.8
49262.5
49365.6
49469
49572.3
49671.2
49764.2
49856.3
49952.8
50047.8
50138.5
50222.8
50301
50375.6
50446.5
50513.4
50582.9
50654.1
50724
50787.8
50849.5
50912.5
50977.6
51043.9
51115.8
51190.6
51265.2
51337.1
51402.8
51461.9
51513.9
51553.6
51584.1
51606.5
51617.9
51617.2
51609.1
51593.6
51571.1
51534.9
51471.3
51376.7
51242
51066
50842.4
50583.4
50310.9
50026.1
49743.8
49498
49323.8
49234.3
49246.5
49356.6
49541.4
49778.2
50079.6
50474.1
50986.4
51632.8
52377.7
53159.4
53921.4
54621.4
55244.2
55770.5
56195.3
56544.3
56830
57058.8
57248.6
57405.3
57527.1
57616.1
57666.1
57665.5
57609.2
57494.6
57325.6
57112.8
56866.5
56600.2
56311.8
56004.5
55675.9
55333.4
54975.1
54599.7
54198.9
53764.2
53289.8
52777.3
52231.9
51663.9
51094.2
50525.6
49965.4
49416.2
48881.3
48362.4
47876
47427.3
47022.3
46666.5
46355.1
46089.8
45873.1
45701.4
45576.1
45494.3
45447
45438
45468.1
45536.3
45632.2
45752.9
45895.9
46058.4
46235
46412.9
46593.2
46772.6
46953.8
47129.3
47301.6
47468.4
47633.4
47792.5
47948.6
48106.2
48258.6
48400.4
48531.5
48654.5
48771.2
48885.4
48998.3
49109.9
49206.7
49294.4
49371.3
49429.4
49467.8
49485
49480.7
49460.8
49418.3
49359.9
49291.3
49215.2
49139.4
49063.1
48990.6
48921.3
48849.9
48774.6
48699.2
48632.5
48575.8
48529.1
48489.8
48460.3
48438.3
48424.7
48412.2
48402.2
48393.1
48389.5
48388.2
48390.4
48395.2
48398.8
48400.4
48412.2
48434.2
48464.9
48504.9
48554.6
48614.7
48670
48718.8
48767.7
48811
48845
48879.4
48908.4
48924.2
48931.2
48930.7
48920.7
48902.8
48871
48824.3
48760.6
48678.8
48582.9
48478.5
48360.3
48229.1
48092.5
47950
47801.6
47648.6
47498.1
47343.6
47182.3
47018.5
46858.1
46702.5
46550.2
46402.7
46270.7
46151.4
46038.8
45936.4
45843.4
45757.7
45674.9
45597.2
45521.8
45454.4
45402.3
45371.5
45354.5
45347.4
45359.9
45392
45438
45490.4
45546.3
45597
45645.9
45691.2
45736.2
45778.2
45811
45841.2
45873.9
45902.8
45924
45937.7
45945.4
45946.8
45942.5
45929.9
45906.9
45876.9
45841.2
45802.8
45763
45727.3
45695.2
45664.3
45635.9
45609.8
45586.2
45567.8
45557.9
45556.6
45563.3
45574.8
45587.7
45599.4
45609.7
45623
45637.8
45654.3
45675.6
45705.1
45745.3
45797.6
45863.3
45938.2
46019.1
46106.2
46195.2
46290.1
46383.1
46474.8
46558.1
46633.7
46704.4
46771.7
46830.4
46881
46923.2
46953.4
46972.9
46983.2
46986.9
46983.6
46967.5
46941.5
46908
46871.9
46831.8
46785.8
46742.9
46697.6
46643.9
46586.2
46522.6
46455.4
46387.1
46319.2
46252.3
46189.5
46129
46069.1
46014.5
45964
45917.8
45872.9
45827.5
45789.9
45761.5
45738.9
45721.3
45713.1
45711.2
45719
45744.5
45781.5
45817.6
45860.7
45912.2
45972.2
46042.3
46126.4
46224.9
46333.9
46452.3
46579.4
46714.3
46851.4
46990.4
47130.8
47267.9
47406.3
47549.1
47690.4
47828.3
47957.1
48068.8
48163.6
48238
48290.3
48328.9
48356.4
48378.7
48403.8
48435.9
48468.7
48498.9
48527.3
48558.6
48598
48646.9
48698.9
48753
48805.9
48857.9
48910.6
48970.9
49035.5
49106.6
49180.5
49252.4
49310.1
49359
49401.8
49438.5
49466.6
49477
49462.6
49417.4
49328.3
49195
49020.8
48821.4
48604.6
48378.5
48167.8
48008.6
47922
47931.7
48048.2
48255.6
48520.4
48854.8
49291
49858.4
50564.3
51366.4
52202.2
53017.5
53775.2
54457
55037.5
55504.7
55889.8
56215.5
56480.1
56693.9
56862
56984.3
57061.8
57105
57105.6
57050.4
56943.9
56791.1
56591.4
56351.9
56086.3
55791.4
55467.2
55124.4
54759.9
54360.2
53929.3
53474.7
52980.8
52439.4
51861.3
51254.1
50614.1
49953.4
49295.2
48641.7
47990.7
47349.2
46735.4
46164.5
45642.7
45173.8
44755.9
44389.5
44079.7
43830
43628.6
43471.9
43360.1
43291.4
43260.8
43261.5
43292.1
43349
43430.1
43530.5
43648.3
43780.5
43923.3
44071.7
44229.1
44396.1
44559.5
44722.6
44887.4
45055.1
45219.5
45380.2
45543.6
45714.1
45889.4
46066.2
46243.7
46418.4
46589.7
46755.1
46916.4
47067.1
47208.6
47331.6
47439.1
47533.2
47610.1
47668.9
47708.5
47730.5
47736.4
47731.2
47718.5
47704.2
47684.5
47661.6
47631.7
47592.7
47549.2
47504.3
47464.6
47426.6
47382.5
47327.5
47261.7
47191.1
47120.3
47050.2
46983.3
46922.5
46854.3
46784.2
46724.9
46677.1
46638.1
46611.8
46595.1
46577.8
46560.8
46552.6
46555.2
46560.9
46568.4
46585.3
46601.9
46616.8
46632.2
46638.4
46636.4
46629.1
46613.6
46588.7
46558.1
46519.3
46473.4
46420.7
46359.7
46286.1
46207.1
46122.6
46033.5
45941.2
45841
45733.2
45614.7
45485.8
45350.5
45208.9
45063.4
44912.3
44761.7
44606.5
44447
44288.6
44135.5
43986.5
43852.3
43732.2
43630.9
43543.8
43460.2
43379.3
43300.1
43218.2
43131.6
43048
42968.7
42899.6
42849.6
42823.3
42818.4
42831.7
42855.9
42886.6
42924.6
42971.2
43021.5
43073.1
43116.5
43150.3
43174.6
43190.5
43205.2
43225.2
43253.6
43283.9
43313.1
43336.2
43347.8
43358.3
43367.4
43374.2
43376.2
43375.3
43362.5
43345.1
43326
43306.8
43293.8
43291.2
43301.7
43323.8
43348.9
43378.9
43416
43463
43518.3
43584
43659.8
43739.3
43819.4
43903
43993
44078.8
44167.1
44256.7
44347.6
44441.5
44541.5
44651.6
44769.5
44888.6
45002.8
45107.8
45200.2
45282.2
45351.1
45408.7
45457.2
45493.9
45514
45521.9
45511
45486.9
45451.2
45404.7
45347.2
45281.5
45207.4
45123.3
45028
44924.8
44818.5
44707.3
44593.7
44477.9
44365.6
44255.3
44143.3
44031.3
43913.4
43790.5
43668.7
43556.8
43447.4
43343.5
43255
43178.5
43114.8
43059.7
43007.2
42956
42903.4
42848.3
42796.2
42754.8
42729.5
42716.1
42717
42732.7
42753.2
42774.6
42803.6
42838.2
42878
42922.1
42972.6
43031.2
43096.1
43170.3
43258.9
43368.7
43493.8
43624.1
43764.9
43911.3
44054.8
44192.2
44324.8
44458.2
44595.3
44737.8
44887.1
45042.8
45205
45369.1
45526.6
45675.2
45817.7
45954.1
46088.9
46219.8
46346.9
46472
46596.2
46720.7
46843.5
46961.6
47078.7
47192.9
47305.9
47411.1
47484
47577.7
47679
47747.1
47813.1
47870.6
47913.6
47948.1
47971.3
47977.7
47957.5
47904.6
47815
47681.1
47501.8
47284.3
47043
46786.9
46529.1
46299.8
46137.8
46065.2
46103
46254.6
46492.9
46796.2
47182.5
47678.1
48315.7
49096.8
49979.5
50896.7
51796.2
52640.8
53405.4
54072
54608.6
55035.8
55383
55658.9
55882.7
56048.4
56152.1
56201.4
56190.3
56119.5
55994.1
55819
55594.6
55330.2
55036.9
54714.2
54366.9
53997.5
53611.5
53210.7
52787.4
52339.7
51864.1
51348.3
50788.2
50184.2
49533.1
48849
48150.1
47457.5
46781.8
46123.7
45486.6
44876.9
44304.5
43777.2
43301.7
42884
42523.5
42218.7
41973.8
41779.5
41629.4
41520.9
41450.7
41411.2
41403.1
41422.5
41462.6
41523.1
41601
41689.2
41788.6
41892.2
41999.9
42112.2
42230.5
42352.7
42473.8
42601.5
42730.3
42859.7
42993.6
43137.4
43301.7
43478.2
43649.9
43813.1
43971.6
44124.3
44273.7
44418.1
44552.2
44677.8
44794.9
44899.4
44995
45080.6
45156.4
45227.2
45293.2
45355.8
45411.5
45456.7
45491.8
45520.4
45542.8
45563.9
45582.7
45601.5
45618.3
45634.2
45648.6
45660.1
45667.9
45671.8
45669
45659.4
45643.4
45612.3
45569.2
45516.1
45458.6
45401
45351.5
45316
45286.7
45263.7
45248.1
45235
45221.2
45208.9
45207.6
45213
45223.1
45234.4
45241.3
45240.9
45236.8
45227.6
45210.7
45185.5
45154.5
45122.7
45087.8
45049.7
45004.1
44947.9
44885.6
44812.4
44730.6
44644.4
44556.2
44471.4
44386
44298.2
44208.2
44111.1
44010.7
43905.8
43797.8
43691
43586.9
43477
43364.8
43253.1
43150
43056.6
42973.8
42901.2
42837.8
42779
42722.7
42676.2
42638
42604.4
42575.9
42547.5
42519.5
42495.6
42482.6
42480.9
42488.2
42495.1
42503.3
42505.4
42500.9
42497.6
42489.9
42478
42463.4
42438.3
42403.8
42363.3
42317.7
42265.3
42214.6
42167.1
42115.7
42065.2
42011.2
41946
41873.4
41808.4
41746.7
41686.9
41644.7
41615.6
41592.1
41579.7
41583.5
41605.2
41638.6
41682.3
41743.1
41819.9
41906.1
42004.4
42109.6
42211.4
42307.2
42404.4
42505
42605.9
42699.4
42785.1
42868.3
42957.4
43060.3
43180.7
43319.6
43475.1
43642.6
43814.5
43992.2
44168.6
44336.5
44498.6
44652.7
44794.2
44925
45045.6
45149.9
45237.1
45310
45373.5
45425
45462.6
45481.6
45478.7
45461.5
45437.3
45406.4
45370.1
45330.7
45289.5
45246.2
45200.7
45151.6
45104.6
45059.6
45012.3
44957.5
44891.3
44818.6
44750.4
44691
44640.7
44602.9
44570.8
44543.6
44523.1
44503.6
44492.6
44487.2
44479.4
44475.2
44473.2
44473
44479.1
44488.6
44503.6
44522.7
44540.6
44562.4
44584.7
44602.7
44620.9
44644.6
44671.7
44700.7
44728.2
44752.8
44772
44782.8
44788.7
44798.8
44824.8
44870.9
44944.6
45044
45162.1
45293.7
45432.8
45577.3
45724.4
45876.9
46032.6
46193
46357.6
46524.3
46681.4
46832.7
46973.5
47106.9
47233.6
47351.2
47452.3
47537.9
47615.3
47687.2
47758.4
47837
47921.1
48008.2
48099.2
48195.3
48300.1
48413.1
48524
48634.2
48741.1
48844.3
48943.5
49038.8
49127.4
49205.5
49271.6
49321.2
49355.4
49373.4
49374.7
49353.5
49307.7
49224.8
49089.4
48893.1
48648.5
48360.3
48046.1
47732.4
47464.9
47285.9
47226.1
47294.1
47484.5
47762.2
48101
48522.2
49060.9
49752.5
50587
51512.9
52461.4
53375.8
54229
54992.8
55649.7
56182.4
56620.9
56982.2
57272.4
57500.2
57672.3
57793.8
57867.9
57887.7
57853
57764.1
57621.7
57431.8
57193.7
56907.4
56575.9
56206.9
55806.9
55383.2
54932
54453.6
53938.6
53379.2
52772.7
52112
51399.8
50646.1
49863.9
49074
48285.8
47506
46739.3
45985.8
45262.9
44595.3
43996.9
43468.1
43007.1
42618.7
42299.4
42046.6
41850
41705.9
41612
41561.7
41546.4
41563.7
41614
41694.6
41798.7
41919.3
42057.4
42214.2
42384
42563.4
42750.5
42947.7
43151.8
43363.2
43579.9
43794.8
44010.1
44229.6
44449.5
44669.2
44882.5
45084.6
45281.9
45474.4
45662.5
45849.3
46025.7
46189
46339.6
46473.3
46588.1
46683.4
46752.5
46796.1
46814.3
46798.4
46759.2
46703.6
46642.2
46575.8
46519
46474
46434
46392
46346.6
46305
46264.1
46223
46187.2
46155.7
46126.6
46094.7
46064.8
46038.5
46012.2
45986.9
45957.2
45930
45906
45880.7
45859.6
45841.4
45820.3
45802.6
45791.2
45781.7
45773.8
45770
45771.6
45778.4
45786.1
45796
45815.3
45834.3
45849.7
45855.5
45848.1
45820.9
45773.4
45707.7
45628.3
45545
45465.3
45384
45300.2
45206.3
45106.9
45006.3
44904.1
44805.6
44712.3
44621.1
44527
44431.6
44333.6
44237.3
44145.9
44062.5
43981.3
43907.8
43841.6
43783.6
43735.3
43698
43672
43647.9
43625.5
43604
43577.9
43555.3
43534.9
43517.9
43494.3
43469.2
43444.3
43426.7
43411.8
43395.4
43374.4
43349.3
43314
43266
43208.4
43143
43070.3
42991.4
42909.9
42827.7
42745.5
42663.4
42581.9
42507
42440.1
42377
42318.3
42261.5
42204.1
42143.1
42079.6
42019.4
41965.4
41916.4
41868.5
41828
41797.6
41777.6
41768.3
41769.7
41784.7
41811.9
41851.7
41899.4
41961.1
42038
42123.3
42219.8
42325.9
42442
42567.8
42702
42842.4
42990.2
43141.6
43295.8
43452.2
43603.6
43750.3
43891.3
44030.6
44168.3
44306.6
44443
44577.5
44697.7
44802
44893.8
44974.6
45048.8
45120.4
45175.5
45213.2
45240.1
45254.8
45249.3
45227.5
45192.2
45147.9
45095.5
45039.7
44977.7
44914.9
44844.5
44766.1
44679.4
44595
44506.2
44416.2
44325.8
44233.1
44140.9
44049.8
43960.1
43877
43799.1
43729.1
43664.5
43602.4
43545.1
43491.8
43445
43404.4
43370.6
43343.7
43321.9
43304.3
43294
43290.3
43292.1
43292
43296.1
43303.7
43315.1
43330.6
43349
43367
43385.9
43407
43428.2
43455.2
43489.6
43535.4
43597.5
43676.7
43767
43869
43977.6
44091.8
44217.5
44352.9
44497.4
44646.5
44795.4
44949
45109.6
45268.1
45422.2
45575.8
45723.3
45868.2
46011.8
46154
46290.2
46420.4
46544.7
46660.4
46768.3
46879
46988.9
47104
47224
47344.9
47470.8
47597.5
47723.3
47850.4
47984.9
48120.3
48248.3
48371.5
48487.7
48589.3
48677.5
48754.1
48818.3
48867
48903.4
48916
48891.4
48825.8
48717.1
48552.9
48335.9
48076.1
47792.7
47498.4
47200.9
46920.6
46689.9
46532.4
46469.3
46511.1
46661.9
46883.4
47164.9
47529.9
48000.5
48599.4
49317.2
50098.7
50888
51630.6
52303.2
52892.9
53381
53778.2
54115.6
54398.5
54636.9
54833.4
54993
55119.3
55206.6
55250
55246.2
55191.2
55079.7
54912.9
54701.2
54449.7
54164
53857.7
53540.3
53209.7
52851.9
52467.4
52049.2
51589.9
51094.8
50565.9
50006.7
49417.1
48809.2
48196.6
47580.8
46969.2
46369.1
45787.6
45240.3
44738.1
44281.2
43870.1
43507.9
43201.5
42953.8
42759.2
42612
42509.5
42452.5
42434.2
42455.6
42516
42610.6
42736
42885.6
43054.5
43238.1
43426.8
43618.1
43811.7
44005.2
44194
44380.3
44564.7
44747.3
44925.2
45101.1
45277.2
45446.4
45609.9
45770.7
45924.8
46067.8
46198.8
46317.9
46422.8
46509
46576.9
46628.9
46661.4
46671.9
46663.2
46631.8
46576.2
46509.7
46434.7
46346.5
46249.8
46148.2
46036.1
45920.3
45809
45706.9
45618.3
45541.2
45472.3
45407.7
45350.6
45304.3
45261.9
45227.3
45201
45179.5
45167.2
45162.4
45163.4
45173.9
45193.8
45219.5
45247.9
45282
45320.4
45365.1
45413.5
45469.7
45533.4
45600.6
45665.7
45726.8
45781.5
45826.9
45859
45885.4
45910.1
45932.9
45945.9
45954.5
45956.5
45942.7
45920.6
45889
45849
45796.1
45730.2
45652.1
45554
45440.1
45320.9
45191.7
45056.7
44918
44776.3
44635.3
44492.9
44350.2
44212.9
44087.9
43974.5
43868.3
43768.2
43671.2
43577.8
43494.1
43421.1
43353.8
43290.3
43230.8
43182.4
43144.9
43116.5
43095.6
43084.3
43080.7
43084.2
43094.3
43114.9
43138.6
43165.3
43191.4
43212.1
43225.9
43228.6
43226.3
43224.8
43226.1
43227.5
43230.2
43234.4
43239.2
43237.9
43229.5
43211.3
43184.9
43157
43130.7
43101.4
43075.4
43058.8
43047.7
43045.2
43050.3
43067.5
43091.5
43118
43147.5
43182.2
43221.9
43265.2
43310.4
43360.1
43417.2
43479.2
43539.7
43602.4
43664.8
43732.3
43799.4
43876.2
43961.7
44051.6
44136.8
44221
44304.2
44382.6
44457.9
44526.2
44588.8
44651.3
44707.8
44761.2
44813.4
44862.8
44908.7
44956.5
45000
45035.7
45062.4
45074.7
45073.5
45064.6
45046.3
45011.3
44964.5
44904.6
44828.9
44736.4
44633.6
44520.8
44401.1
44288
44185.3
44091
44012.4
43946
43880
43815.3
43761.7
43715.2
43674.5
43647.3
43633.6
43630.5
43633.2
43637.2
43639.1
43638.7
43634.6
43633.4
43632.2
43632.5
43629.9
43627
43630.3
43639.3
43651.4
43669.6
43687.2
43706.3
43732.3
43763.7
43800.6
43844.1
43892.8
43946.9
44006.2
44068.2
44129.2
44189
44244.8
44296.1
44351.6
44411
44479
44553.5
44637.6
44726.9
44819.7
44920.9
45024.7
45120.5
45209.8
45298.5
45386.7
45479.1
45574
45671.1
45765.9
45853.6
45934.4
46011.5
46083.3
46153.2
46224.7
46293.8
46361.6
46427.9
46494.3
46562.7
46634.6
46708.3
46784.3
46865.1
46946.6
47026.5
47104.5
47185.2
47266.6
47346.7
47416.9
47473.7
47518.9
47552.5
47566.7
47561.9
47530.6
47472.5
47379.2
47237.2
47047.3
46817.9
46565.1
46299.8
46028.9
45768
45548.2
45393.7
45328.1
45362.3
45492.6
45681.4
45924.8
46256.3
46694.4
47259
47932.9
48658.9
49384.3
50057.2
50654.7
51168.2
51588.4
51940.7
52245.7
52502.2
52721.1
52909.8
53069.4
53200.4
53301.5
53368.1
53391
53363.5
53279.5
53146.5
52972.5
52758.1
52514.8
52254
51976.6
51682.3
51369.4
51036.1
50681.9
50301.3
49891
49441.5
48950
48425.4
47878
47328.8
46784.8
46242.9
45707.2
45180.8
44672.7
44199
43769.1
43385.5
43043.4
42742.6
42484.2
42264.6
42086
41954.5
41863.2
41807.1
41791.2
41808.8
41863.6
41950.6
42062.3
42194.5
42345.1
42509.5
42688.9
42875.8
43065.1
43256.9
43444.4
43626.5
43802.5
43973.8
44142
44311.9
44482.9
44656.3
44829.8
45001.2
45164.6
45319.5
45467
45604.4
45730.3
45839.1
45929.4
45995
46034.7
46050.3
46044.3
46020.9
45975.9
45916.3
45838.2
45740.2
45625.1
45494.8
45354
45214.4
45072.7
44933.6
44806.8
44696.8
44605.4
44529.8
44463.7
44408.2
44361.2
44317
44275.7
44242.8
44215.8
44196.3
44186.1
44187.1
44197.8
44218.8
44248.4
44288.9
44343.3
44404.3
44475.4
44550
44631.5
44720.2
44810.9
44903.3
44991.8
45072.2
45135.9
45184.1
45220.4
45247
45262.1
45263.5
45246.4
45214.5
45166.7
45099.7
45010.2
44902.3
44782.1
44650.1
44507.8
44359.3
44196
44015.4
43826.4
43630
43426.3
43217
43012.3
42811.3
42615
42435.7
42276.5
42133
42009.5
41909.4
41824.5
41752.1
41695.5
41653.7
41616.7
41581.2
41559.8
41545.6
41533.9
41537.5
41555.3
41581.6
41617.1
41660.4
41702.8
41736.6
41767.4
41797
41815.8
41823
41824.7
41819.5
41808
41785.4
41758
41727.4
41689.3
41638.8
41577.5
41514.1
41447
41376.5
41311.2
41249.2
41183.2
41112.2
41048.2
40993.9
40946.1
40909.7
40885.3
40871.6
40868
40879.5
40901.4
40933.7
40978.3
41034.2
41093.5
41157.3
41230
41310.2
41395
41483.7
41577.4
41673.9
41770.7
41866.1
41967.3
42067.3
42166
42267.5
42368.9
42466.5
42560.3
42649.7
42735.5
42818.2
42894.1
42957.1
43009.1
43045.3
43067.8
43075.4
43067.4
43043.4
43003.3
42954.1
42893.3
42825
42753
42679
42601.7
42523.5
42446.6
42371.6
42291.7
42209.7
42131.7
42059.5
41988.3
41923.5
41861.7
41807.2
41762.9
41727.4
41698.7
41677.2
41661.5
41650.8
41644.6
41644
41656.5
41679.2
41707.5
41745.8
41789.5
41833.7
41880
41923.9
41965.6
42007.1
42050.8
42096.9
42143.4
42194.3
42247.1
42300.6
42351.3
42404.6
42460.3
42514.3
42569.2
42624.3
42684.2
42751.6
42835
42935.3
43050.6
43172.5
43297.3
43421.3
43546.5
43669.2
43788
43898.6
44002.4
44094.3
44177.9
44249
44311.2
44366.3
44415.3
44461.8
44511.3
44557.1
44597.7
44633.9
44671.2
44710.8
44754.7
44805.3
44862.6
44927.5
44994.3
45064.2
45139.9
45217.1
45287.5
45346.4
45399.2
45442
45475.9
45498.8
45512.4
45521.2
45520.4
45508.4
45472.6
45415.9
45335.5
45216.7
45056.6
44861.7
44648.6
44422.9
44192.4
43982.1
43826.4
43748.3
43763.8
43878.4
44074
44317.9
44623.9
45025.7
45550.7
46210.4
46975.9
47789.4
48590.6
49346.2
50021.1
50601.3
51077.7
51476.6
51818
52105.2
52352.9
52561.3
52726.8
52849.8
52932.6
52973.3
52970.6
52927.3
52832.3
52682
52485.6
52247.3
51967
51655.7
51325
50974.7
50603.6
50211.3
49795.3
49351
48870.5
48351.3
47803.5
47229.6
46640.9
46048.4
45463.9
44887.4
