22556.5
21513.7
20546.5
19742.1
18984.8
18329.1
18434.7
17930.2
18946.4
19751.1
20650.9
21481.9
22273.1
23035.2
23758.3
24433.7
25063.1
25643.6
26173.2
26646.6
27070.7
27447.2
27772.4
28048.9
28272.2
28439.1
28551.8
28611
28620.3
28583.1
28500.3
28373.9
28207.5
28002.9
27757.7
27473.3
27143.5
26762.3
26330.5
25849.5
25317.9
24740.6
24126.1
23480.9
22826.4
22161.7
21379.5
20763.2
19893.3
19109.9
18405.9
17850
18893.4
20380.3
21473.6
22503.1
23573.8
24522.6
25412.9
26245.4
27009.8
27715
28353.9
28919.6
29419.4
29861.9
30250.5
30583.7
30855.8
31061.5
31200.2
31272
31283.2
31240.4
31144.4
30995.5
30799.1
30558.9
30277.3
29955.8
29584.6
29154.4
28665.3
28119
27515.4
26858.2
26149.2
25391.4
24609.3
23835.8
23067.2
22306
21296.4
20316.4
19515.1
20743.7
20280.4
20405.5
20073.4
21280.5
22211.4
23198.4
24111.3
24960.6
25767.1
26513.9
27193.3
27822.8
28398.8
28916.1
29369.5
29757.3
30083.6
30349.2
30557.2
30710.4
30805.4
30838.9
30812.3
30732.4
30602.4
30425.8
30203.8
29927.1
29597.2
29221.6
28801.8
28330.7
27806.1
27226
26595.9
25938.5
25258.9
24556.2
23836.4
22761.8
22099.2
21351.7
20734.7
19857
19081.9
18374.6
17777.7
18628.1
20170.7
21284.3
22297.1
23382.6
24340.1
25238.4
26080.7
26855.8
27571.5
28224.2
28805.2
29320.4
29779
30185.8
30538.9
30831.8
31058.1
31216.8
31308.3
31337.4
31311.2
31231.3
31097.6
30915.5
30689
30419.4
30108.4
29747.5
29327.3
28846.7
28308.7
27713.3
27063.3
26360.9
25608.9
24829.2
24055.4
23289.7
22536.9
21561.6
20562.4
19756.4
18993.8
18340.5
18121.8
17579.5
18691.5
19529.4
20415.4
21284
22097.2
22880.5
23627.8
24324.5
24975.8
25578.7
26128
26617.5
27055.2
27442.9
27776.7
28059.4
28287.2
28457.4
28571.1
28630.3
28643.4
28616.8
28552.8
28453.8
28322.7
28157.5
27957.8
27728.2
27464.3
27161.8
26820.1
26434.1
25997.5
25510.6
24974.3
24391.6
23790.6
23164.7
22473.3
21876.1
20998.3
20234.3
19528.6
18907.2
19551.3
19099.7
20051.7
20856.8
21753.4
22551
23316.7
24048
24735.4
25374.9
25964.1
26501.4
26988.7
27420.8
27802.2
28133.4
28408.3
28629.5
28794.3
28899.4
28949.2
28945.2
28890.8
28789.2
28643.9
28456.9
28232.8
27973.8
27673.9
27334.9
26955.5
26530.5
26059.6
25544.5
24983.8
24383
23756.3
23111.4
22456.3
21802.5
20941.7
20359.4
19543.5
18783.5
18129.7
17792.6
17235.4
18427.3
19310.9
20215.9
21127.8
21973.6
22787.4
23566.4
24294.5
24976.9
25612.9
26194.5
26716.3
27187.7
27612.2
27986.4
28311.7
28582.4
28794.1
28946.3
29039.4
29078.5
29068.2
29008.1
28900.8
28750.5
28558
28324.3
28050.9
27730.1
27355.1
26927.3
26447.6
25915.4
25334.9
24709.8
24044.1
23370.4
22681.7
21957.1
21309.3
20370.2
19568.5
18824.4
18166.6
18583.7
18106.8
19088.9
19901.4
20821.2
21649.4
22447.4
23216.5
23947
24631
25268.6
25857.4
26396.9
26881.9
27318.4
27706.7
28041.7
28326.4
28557.6
28731.2
28849.9
28914
28925.6
28887.8
28803.7
28674.6
28503.9
28292.2
28035.2
27734.9
27387.9
26988.8
26537.1
26034.9
25481
24880.4
24245.6
23584.9
22910.7
22232.1
21378.9
20757.4
19893.6
21098.9
20578.9
20257.7
21656
23233.8
24419.9
25553.5
26675.4
27669.7
28595.6
29439.4
30198.3
30893.8
31518.2
32064.1
32538.3
32940.7
33275.7
33545.2
33742.7
33870.2
33927.9
33911.5
33828.8
33688.9
33490.7
33237
32932.2
32566.5
32143.9
31674
31146.2
30551.8
29895.4
29174.9
28394.7
27582.5
26740.3
25865.7
24985.9
23768.3
22982.3
22197.3
21143.7
20169.7
19358.3
20592.8
20111.6
20392.3
20073.2
21232.7
22146.3
23132.4
24026.2
24870.4
25674.4
26419.7
27102.2
27736.2
28318.8
28844.9
29309.2
29710.2
30050.7
30330.6
30552.8
30720.7
30830.7
30880.5
30870.7
30808.1
30695.5
30535.8
30329.1
30066.3
29748.8
29381.8
28966.8
28498.4
27975.4
27395.1
26763.5
26102.9
25417.2
24709
23985.6
22902.2
22237
21454
20833.9
19962.1
19174.2
18466.8
17897.7
18929.5
20394.3
21468.3
22474.6
23521.5
24452.8
25329.3
26148.4
26902.2
27597
28227.3
28785.8
29278.9
29716.3
30101.8
30432.8
30702.6
30905.7
31041.8
31111
31119.3
31073.9
30976.5
30827.4
30631.6
30392.1
30111.1
29790.6
29421.6
28994
28507.6
27965
27365
26710.1
26003.1
25247.2
24466.2
23693.9
22926.6
22168
21159.1
20181.7
19382.2
20601.5
20130.7
20237.1
19902.7
21096.8
22017.2
22989.6
23891.3
24734.8
25537.8
26282.6
26963.6
27595.8
28176.9
28700.8
29162.6
29561.3
29900.4
30179.8
30403
30573
30686
30738.9
30732.9
30675.2
30568.7
30416.4
30219.4
29968.4
29665.4
29316.8
28923.2
28477.6
27978.2
27422.4
26814.7
26177.1
25514.9
24826.9
24119.9
23058
22407
21671.2
21060.8
20190.7
19421.4
18722.7
18130
18992.9
20528.1
21641.1
22659.2
23742.2
24697.2
25594.6
26434.1
27205.6
27916.4
28561.9
29134.3
29638.4
30084.3
30476.8
30812.8
31085.9
31289.3
31422.9
31486.3
31483.6
31422.3
31305.8
31135.3
30915.7
30652.7
30351.6
30018
29645.7
29225.6
28756.8
28239.2
27670.9
27056.6
26401.9
25712.8
25009.5
24320.9
23642.2
22973.9
22074
21144.8
20395.5
19677.7
19065.6
18880.2
18356
19475.7
20322.4
21216.1
22083
22892.9
23669
24402.8
25083.5
25714.2
26293.1
26814.9
27274.3
27681.8
28040.8
28348.1
28606.6
28811.4
28958.2
29046
29074.2
29046.5
28967.6
28838.9
28663.7
28446.9
28190.6
27894.7
27561.7
27184.5
26758
26285.2
25767.7
25205.8
24603.8
23966
23296.5
22624.4
21940.4
21202.4
20569.8
19665.3
18880.3
18161.9
17532.9
18183.2
17741.8
18697.2
19514.6
20422.6
21240.2
22034.8
22798.1
23522.1
24201.6
24831.9
25413.1
25946.3
26426.8
26861.6
27250.4
27587.2
27874
28108.4
28286.2
28410.8
28482.2
28502
28473.2
28398.3
28279.1
28119.7
27920.8
27675.9
27386.6
27050.9
26663.2
26222.7
25731.7
25189.4
24601.5
23983.3
23343.5
22688.9
22031.8
21163.3
20572.3
19747.6
20912.8
20424.7
20258.8
21869.3
23357.2
24509.7
25658
26747.8
27724.9
28634.7
29460.4
30202.7
30880.8
31485.8
32012.3
32469.6
32857.7
33179
33434.9
33618
33730.8
33774.6
33746.2
33653.9
33506.9
33304.3
33048.5
32743.9
32380.2
31961.3
31494.9
30969.2
30375.7
29720.3
29001.3
28223.5
27413.8
26573.7
25703
24830.8
23633.5
22851.8
22049.2
20973.3
20038.1
19236.7
18491.2
17835.8
18248
17775.7
18734.1
19524.8
20417.1
21220.5
21997.4
22745.7
23455.2
24120.5
24738.2
25307.6
25827.7
26294.1
26713.2
27085.6
27407.5
27681.1
27903.1
28070.2
28185.4
28247.9
28259.6
28224.5
28144
28019.7
27854.3
27649.4
27400.3
27108.5
26770.6
26381.7
25942.1
25452.7
24912.8
24327.4
23709.1
23065.6
22409.2
21748
20913.3
20307.9
19465.2
20587.4
20079.9
19801.2
21258.8
22783.2
23937.6
25055
26148.8
27124
28032.7
28860.9
29607.6
30292.4
30906.7
31444.1
31913.1
32313.6
32649.2
32920.8
33121.4
33253.9
33319.4
33313.8
33244.7
33121.3
32942.8
32711.3
32431.4
32093.1
31699.6
31258.9
30759.4
30192.7
29563.9
28871.9
28121.4
27338
26523.1
25675.3
24822.7
23649.5
22884.3
22112.9
21069.5
20126.2
19333.1
18586.8
17938.5
18138
17650
18625.5
19403.6
20284.3
21086.5
21857.3
22600.9
23306.4
23966.5
24580.6
25147.9
25665.7
26129.3
26546.8
26918.3
27240
27514.7
27738.3
27907.3
28023.1
28086.2
28099.8
28067.5
27990.5
27870.6
27711.8
27514.6
27276.4
26998.3
26676
26303.5
25881.2
25410.4
24889.6
24323.7
23722.2
23092.4
22452
21802.1
21017.8
20416.9
19572.8
18807.5
18119.5
17556.8
18585.9
20059.7
21139.5
22146.6
23197.1
24132.4
25012.4
25832.7
26587.5
27283.8
27915.8
28476.8
28972.4
29412.5
29800.3
30133.7
30405.8
30611.7
30751.9
30826.7
30841.8
30803.5
30713.6
30571.9
30383
30150.9
29878.3
29567
29207.8
28790.3
28314.2
27781.4
27191.5
26547.9
25852.9
25110.1
24342.9
23584.6
22830.3
22086.5
21092.2
20124.9
19334.3
20531.5
20066.5
20152.8
19818.2
21007.7
21925.6
22894
23792
24633.2
25434.7
26178.1
26858.3
27489.7
28071.1
28596.2
29060
29461.4
29803.4
30087.2
30315
30489.3
30606.9
30663.6
30661.1
30606.4
30502
30350
30151.7
29898.5
29591.8
29238.2
28839.1
28387.9
27882.9
27322
26710.5
26070.8
25407.6
24719.6
24013.1
22957.6
22306.2
21575.2
20965.8
20097.6
19329.4
18631.7
18021
18838.9
20352.5
21445.5
22434.7
23492.7
24425.8
25302.3
26120.3
26870.6
27559.5
28181.8
28728.2
29205
29623.2
29988.2
30299.2
30552
30744.4
30878.5
30956.4
30984
30968.8
30909.6
30805
30662.6
30489.9
30291.5
30067.8
29806.1
29488.5
29108.8
28666
28157
27581.9
26942.9
26245.4
25511.8
24775.9
24041
23315.9
22363.3
21378.1
20576.6
21739.1
21253.5
21167.6
20787.1
21985.6
22880.8
23796.8
24663.8
25462.3
26218.3
26914.2
27542.9
28119.7
28643.5
29106.1
29502.4
29831.2
30096.9
30301.5
30449.7
30544
30581.6
30559.5
30479.8
30350.3
30174.8
29956.7
29698.6
29391.8
29038.3
28646.1
28215.9
27739
27212.8
26636.1
26012.5
25364.2
24695.5
24003.5
23292.9
22240.1
21587.8
20884.7
20273.9
19395.4
18633.3
17932.4
17303.2
17926.7
17492.9
18439.3
19246.9
20146.8
20957.1
21746.2
22504.7
23225
23901.9
24530.7
25110.7
25642.5
26122.3
26554.6
26939.3
27271
27552.7
27781.8
27953.7
28071.4
28135.7
28148.2
28112.6
28031.1
27905.5
27739.8
27535.7
27287.9
26997.7
26662.2
26275.9
25839.1
25353.8
24818.2
24237.4
23626.5
22994.1
22347.5
21701.3
20848.1
20263.1
19447
20586.7
20099.9
19901.9
21480.3
22945.6
24081.7
25213.2
26287.8
27251.2
28149.2
28964.4
29698.8
30370.8
30971.5
31494.8
31950.2
32336
32655.1
32909.3
33092.1
33205.4
33250.9
33225
33135.7
32991.2
32789.7
32534.8
32231.6
31870.6
31455.5
30993.7
30473
29885.2
29236.4
28524.7
27754.5
26952.9
26121
25259.1
24395.9
23214.1
22441.1
21653.4
20591
19667.3
18878
18143.8
17489.1
17877.6
17412.1
18365.7
19153.5
20039.9
20838.8
21612.8
22358.4
23065.3
23728.6
24345.4
24915.6
25438.3
25908
26330.6
26706.1
27030.6
27306.6
27529.5
27696.4
27809.9
27869.5
27877.7
27838.8
27755.9
27630.4
27465.3
27261.5
27014.6
26726.2
26392.9
26009.7
25576.6
25095.1
24563.7
23987
23376.5
22741
22093.8
21444.4
20627
20033.8
19207
20369.1
19878.6
19594.3
21040.4
22561.2
23713.7
24829.7
25918.6
26889.1
27795.5
28621.3
29366.5
30050.6
30664.9
31202.8
31672.4
32072.6
32406.4
32676
32875.2
33005.3
33067.5
33058.8
32986.9
32860.3
32677.5
32440.9
32154.7
31810.1
31410
30963.1
30459
29888.6
29257
28562.5
27809.5
27024.6
26209.1
25361.8
24510.8
23336.3
22576
21814.4
20782
19847.7
19063.2
18325.7
17672.3
17826.6
17339.1
18297
19058
19920.7
20709.8
21468
22199.4
22893.6
23544.3
24150.5
24711.2
25225.2
25687
26101.9
26470.9
26791.6
27066.3
27290.2
27460.4
27579
27644.8
27660.8
27631.3
27557.6
27440.9
27285.4
27093.1
26861.2
26590.4
26275.9
25912.7
25500.6
25040.9
24533.1
23981.4
23394.3
22778
22151.1
21517.2
20755.8
20166.4
19337.5
18584.2
17913.3
17382.7
18475.9
19901.5
20953.7
21954.2
22984.8
23901.8
24766.1
25571.7
26313.6
26997.6
27617.9
28167.9
28654.9
29087.8
29469
29796.2
30063.8
30265.3
30400.8
30470.7
30481.9
30440.4
30347.1
30202.7
30013.3
29781.4
29509.2
29198.5
28839.3
28421.9
27947.1
27417
26831.6
26193.9
25505.1
24769.9
24012.1
23264.3
22519.9
21784.3
20793.9
19853
19079.1
20308.8
19854.3
20014.8
19697.7
20851.1
21745.8
22702.6
23578.5
24401.7
25185.3
25909.5
26570.8
27183.2
27745
28250.3
28695
29075.9
29395.4
29654.6
29857.6
30007
30100.5
30136.2
30115.4
30044.3
29925.1
29761.8
29555.8
29297.9
28989.9
28637.9
28242.5
27797.5
27301.5
26751.2
26152.2
25527.2
24880.2
24210.4
23524.2
22485.8
21856.2
21134.2
20545.2
19706
18960
18278.2
17713.5
18544.1
20065.2
21161.7
22146.8
23203.4
24136.5
25014.5
25835
26590.5
27287.1
27921.2
28484.7
28983.5
29426.6
29817.2
30152.9
30429.5
30640.8
30784.9
30862.3
30877.3
30835.6
30738.1
30584
30378.6
30126.9
29833
29499.8
29120.3
28688.2
28206
27678.9
27107.5
26493.7
25836.7
25138.4
24422.7
23725
23049.7
22397.6
21538.6
20654.7
19957.2
19294.1
18738.3
18588.1
18086.8
19211.1
20055.5
20932.1
21787.3
22584.4
23348.9
24071.5
24742
25362.3
25932.5
26447.6
26901.9
27303.3
27653.6
27950.9
28199.4
28394
28531.8
28613.5
28639.1
28611.4
28534.6
28408.7
28236.2
28020.6
27762.7
27463.8
27126.4
26744.5
26312.8
25833.2
25305.9
24731.8
24117.1
23466.9
22786.1
22104.4
21411.6
20669.3
20033.1
19128.1
18344.4
17623.6
17002
17600.1
19153.9
20261.8
21236.9
22302.4
23242.9
24128
24959.7
25728.3
26439.2
27089.8
27671.7
28188.9
28651.6
29063.5
29422.3
29723.7
29961.6
30134.4
30242.2
30289.2
30283.3
30226.2
30117.5
29960.9
29760.6
29518.6
29237.4
28909.5
28523
28076.3
27571.8
27009.4
26390.7
25719.2
24997.2
24243.3
23490.1
22745.8
22012.2
21094.3
20092.3
19290.6
20436.5
19965.1
19808.4
21372.5
22833.1
23959.7
25073.7
26136.9
27088.5
27974.4
28777.3
29499.3
30158.5
30746.9
31258.8
31702.5
32077.4
32386.1
32630.2
32803.6
32908.9
32947.9
32917.4
32825.1
32679
32478.6
32227.1
31929.1
31574.5
31167.1
30713.6
30202.1
29624.8
28987.4
28288.8
27533.1
26746.2
25929.5
25082.8
24235
23070.2
22312.4
21534.3
20491.4
19581.9
18804.2
18078.5
17449.1
17835.8
17376
18313.3
19084.3
19954.5
20738.9
21497.8
22228.6
22921.1
23570.1
24172.7
24728.7
25237.7
25694.8
26105.6
26470.4
26785.6
27053.9
27271.6
27434.6
27545.9
27605.5
27614.9
27578.4
27499.5
27379.5
27221.1
27025
26786.2
26506
26180.3
25804.3
25377.4
24901.3
24375.5
23804.9
23200.3
22570.1
21928.2
21279.9
20467.1
19875
19052.1
20176.2
19685.6
19424.7
20855.4
22364.9
23504.6
24601.5
25675.7
26630.5
27519.7
28328.1
29056.4
29723.7
30322.5
30846.5
31303.8
31693.4
32017.3
32277.7
32469.2
32593.8
32652.2
32641.2
32568.6
32442.6
32262.8
32031.8
31753.5
31418.3
31029.2
30594.7
30103.8
29548.6
28933.9
28257.8
27524.2
26758.6
25963.2
25136.7
24305.3
23156.2
22411.8
21661.3
20646.7
19727.6
18958.2
20232
19798.3
20183.1
19894.4
21008.9
21892
22845
23699.1
24505.4
25270.2
25975.4
26618
27211.5
27754.7
28243.5
28672.8
29039.3
29344.3
29588.8
29776.7
29911.1
29989.7
30011.1
29976.8
29892.5
29759.7
29581.8
29359.8
29083.9
28756.6
28382.7
27963.1
27492.5
26970.1
26393.6
25768.8
25118.9
24448.3
23759
23058.5
21999.2
21357.4
20588.3
19998.9
19172
20419.8
19937.6
19622.2
20907.5
22477.1
23640.7
24731.2
25822.4
26783.4
27677.5
28490.7
29222.2
29891.8
30493.7
31019.5
31476.5
31863.3
32184
32439.3
32624.5
32741.7
32792.1
32772.9
32691.1
32555.3
32364.8
32122
31831.2
31483.1
31080.8
30633.4
30130.2
29562
28933.5
28244
27497.6
26721.2
25917.2
25082.6
24243.1
23064.8
22319.2
21578.7
20589.3
19652.7
18881.9
20089.3
19651.6
19860.2
19551.3
20698.8
21592.3
22547.5
23420.4
24238.9
25018.6
25740.4
26399.8
27010.4
27571.2
28076.7
28521.1
28901.7
29221.2
29481.3
29686.2
29838.6
29935.7
29975.4
29957.6
29889.1
29772.9
29611.8
29406.6
29148.5
28839.3
28485.1
28087.4
27640.4
27142.7
26591.7
25992.6
25368.4
24722.5
24054.9
23372
22342.2
21713.5
20987.6
20404.5
19573.3
18830.4
18160.2
17621
18563.1
20038
21108.5
22091
23131.7
24052.2
24919
25728.5
26474.3
27162.4
27787.7
28343.3
28835.6
29273.4
29659.8
29992.4
30266.2
30475.1
30617.8
30695.4
30712.2
30673.6
30580.5
30431.9
30232.1
29985.6
29695.7
29365.9
28987.5
28552.2
28063.8
27528.4
26948.2
26326.5
25664
24960.2
24237
23530.7
22843.4
22180.8
21303.1
20440.8
19760.9
19116.6
18582.7
18530.7
18050.3
19148
19986.8
20878
21728.8
22525.3
23289.1
24009.8
24678.6
25297.6
25867.2
26382.2
26838.1
27242
27594.5
27892.9
28141.4
28334.6
28469.7
28549
28572.3
28543.3
28466.1
28342.3
28173.3
27961.6
27708.1
27412.4
27076.7
26696
26265.4
25786.4
25260.2
24686.4
24071.3
23421.4
22742.3
22062.1
21371.6
20618
19988.1
19095.9
18316.6
17597.6
16972.6
17594.5
19138.9
20240.1
21206.3
22264.4
23200.2
24081.2
24909.3
25674.9
26383.1
27032
27612.6
28129.8
28592.5
29004.3
29362.1
29662
29898
30068.9
30175.2
30221.3
30214.1
30155.3
30044.7
29886.8
29685.9
29443.8
29162.3
28834.3
28448.6
28003.4
27502
26943.4
26329.1
25662.9
24946
24197.4
23449.6
22709.7
21981.5
21063
20066.9
19269.1
20409.6
19941.6
19789.9
21374.4
22830.8
23957.4
25073.5
26136.8
27087
27970.6
28770.4
29489.6
30146.4
30733.4
31245
31689.5
32065.6
32375.1
32619.4
32793
32898
32936
32904.3
32811.3
32665.1
32464.5
32212.8
31915
31561
31154.4
30702.6
30193
29617.7
28982.2
28285.3
27531.1
26745.8
25930.8
25086.7
24241.8
23081.6
22325.8
21549.1
20504.4
19598
18821.7
18097.1
17463.6
17880.6
17423.8
18361.7
19131.3
20000
20782.8
21539.5
22266.3
22954.9
23600.3
24199.3
24751.7
25257.6
25712.5
26122.4
26487.1
26801.7
27069
27285.9
27448.8
27560
27619.4
27629.6
27594.5
27516.9
27398.1
27242.2
27048.9
26813
26535.4
26213.1
25840.3
25416.8
24944.6
24423.2
23857
23257.5
22632.5
21994.9
21350.4
20534.7
19945
19123.2
20201.2
19704.4
19443
20891.8
22392.5
23527.9
24622.8
25695.1
26649.6
27538.3
28346.4
29074.8
29741.8
30340.1
30862.9
31318.4
31707.2
32032.1
32294.4
32487.8
32613.8
32673.2
32663
32591
32465.4
32286.1
32054.8
31776.1
31441.7
31054.9
30623.5
30135.2
29581.6
28967.7
28292.8
27560.8
26797.2
26003
25177.2
24346.7
23207
22462.2
21710.1
20690.7
19772.9
19001.9
20271.1
19823.8
20231.9
19942.2
21050.1
21929.6
22884.3
23737.1
24544.1
25309.5
26015.6
26658.7
27252.6
27796.5
28286.4
28717.2
29085.5
29393.2
29640.1
29829.2
29964.9
30043.9
30064.1
30027.5
29940.4
29805.5
29626.5
29404.3
29129.4
28803.3
28430.8
28013.4
27546
27027.5
26454.5
25833.4
25186
24517.1
23829.4
23130.6
22072.8
21433.4
20658.4
20067.6
19239.2
20431.2
19935.7
19614.7
20926.6
22487
23646.4
24736.2
25827.2
26792.5
27691.3
28509.9
29247.2
29923
30530.1
31060.6
31521.1
31911.5
32235.5
32495.2
32685.6
32808.9
32865.7
32852.8
32777.4
32647.7
32463.8
32228.1
31945.2
31604.8
31210
30770.2
30274.7
29713.9
29092.7
28410
27669.7
26898.4
26098.2
25266.7
24429.2
23262
22517
21776.1
20780.9
19847.2
19078.6
18354
17734.4
17783.7
17295.9
18300.5
19090.8
19973.9
20793.1
21574.8
22328.8
23046
23718.7
24345.9
24926.3
25456.5
25932.4
26361.6
26745.6
27081.3
27371
27609.8
27793.9
27924.5
28001.9
28029.6
28011.8
27949
27843.5
27699
27516.7
27294.3
27032.8
26726.4
26369.4
25962
25504.9
24997
24442.7
23849.5
23222.3
22583.8
21930.2
21171.6
20557.1
19691
20886.7
20360.8
19964.3
21090.2
22684.7
23852.4
24931.7
26046.4
27032.5
27955.7
28805.3
29582.2
30308.5
30982.2
31591.2
32135.2
32607.9
33008.8
33337.9
33588
33759.3
33854.9
33873.3
33821.2
33709.4
33538.2
33310
33028.6
32684.8
32281.9
31829.6
31318.6
30739.3
30095.5
29386.6
28617
27813.6
26978.8
26109.7
25230.8
24012.6
23222.2
22440
21418.2
20407.7
19571.2
20620
20094
20086.4
19693.5
20808.5
21645.7
22533
23358.8
24126
24856.5
25535.9
26159.4
26740.7
27277.3
27763
28192.5
28564.7
28882.1
29145.1
29356.7
29519
29629.5
29684.4
29683.8
29634.3
29538
29396
29209.6
28971.2
28683
28351.2
27976.4
27551.9
27075.3
26544.2
25962.8
25353
24719
24058.8
23378.6
22366.9
21737
21032.3
20439.6
19591.1
18844.3
18162.1
17576.4
18370.2
19912.3
21019.6
22012.4
23081.8
24020.7
24900.5
25721.8
26476.3
27172.2
27805.1
28365.7
28860.2
29298.4
29684.7
30017.7
30291.8
30500.2
30642.2
30719
30733.6
30693.4
30601.9
30459.5
30270.2
30038.6
29767.3
29457.8
29101.8
28688
28216.1
27687.9
27103.3
26465.8
25777.8
25041.3
24276.8
23517
22765.1
22026.8
21075.7
20085.5
19288.5
20442.7
19973.6
19893.5
19533.6
20792.7
21734.5
22691.3
23613.7
24462.5
25266.4
26012.9
26691.6
27322.3
27901.4
28420.1
28874.4
29264.4
29594.1
29864.6
30078.2
30236.1
30336.6
30375.5
30353.2
30277.7
30153.5
29982.3
29765.9
29496.3
29174.6
28809
28399.6
27938.6
27424.1
26855.3
26236
25588.6
24917.9
24220.4
23501.5
22442.8
21778.2
21064.5
20440.1
19540.7
18767.6
18047.7
17408.5
17866.6
17416.5
18377.1
19175.5
20076.8
20889.7
21673.6
22428.2
23144.9
23817.1
24442.9
25018.4
25544
26015.3
26438.8
26814.9
27138.4
27411.7
27632.4
27796.9
27908.1
27966.6
27975.6
27939.9
27861.2
27740.4
27581.1
27384.6
27145.9
26866
26541.5
26166.8
25741.5
25268
24744.3
24175
23572.8
22945.8
22305.8
21663.4
20842.5
20257.3
19438.4
20648.9
20167.4
19924.7
21428.6
22960.4
24127.5
25262.7
26366.1
27349.2
28261.1
29091.9
29838
30521.3
31133.2
31666.4
32129.3
32521.1
32845.4
33103.9
33289
33403.1
33448
33420.4
33328
33180
32976.5
32720.4
32415.5
32050.9
31630.2
31162.7
30637.9
30047.7
29397.1
28684.9
27915.1
27114.9
26285.6
25425.8
24563.3
23370.4
22602.2
21828
20781.4
19844.7
19056.7
18319.6
17672.5
17916.5
17439.5
18411.6
19200.8
20096
20908.9
21689.4
22441.9
23158.7
23830.8
24458
25038.1
25569.3
26046.4
26476.2
26859.6
27192.3
27476.4
27708.5
27885
28008.5
28079
28099
28072.3
28000.6
27885.9
27732.2
27541
27308.8
27036.9
26721.3
26356.4
25942
25479.3
24967.9
24411.7
23820.9
23202.6
22573.7
21937.7
21159.2
20572.1
19744.1
18987.6
18315.4
17799.8
18964.4
20392.3
21454.1
22477
23525.2
24461.2
25340.2
26160.9
26916.5
27614.3
28247.8
28810.8
29309.9
29753.7
30145.7
30483.4
30759.9
30969.6
31112.5
31188.6
31204
31164.6
31071.9
30925.6
30731.3
30492.9
30212.5
29890.1
29515.1
29077.4
28577
28016.2
27395.1
26719.6
25991.7
25216.2
24420.2
23639.9
22870.1
22114.8
21105.3
20169
19400.9
18681
18063.3
18152.3
17665.4
18744.9
19609.6
20568.6
21460.5
22306.2
23115.5
23879.8
24591.6
25254
25864
26419.2
26915
27359.9
27755.4
28098
28390.2
28627.1
28803.5
28920.9
28978.7
28981.6
28934.8
28841
28702.6
28522.6
28303.1
28041.9
27739.8
27391.5
26990.4
26535.9
26028.1
25466.7
24856.1
24204.8
23519.3
22823.3
22116.5
21303.1
20649.3
19737
20909.4
20353.9
19918.8
21059.4
22668.3
23844.4
24935.1
26050.2
27030.6
27943.6
28781.6
29538.6
30235.7
30866.1
31419.6
31903.7
32318
32667.1
32952.8
33169.3
33317.7
33397.6
33404.4
33345.2
33229.7
33058.5
32832.8
32556.4
32220.4
31828.4
31390.4
30896.2
30336.4
29714.6
29029.2
28284.5
27507.4
26699.3
25856.7
25003.4
23807.6
23042
22287.4
21284.7
20297.1
19489.9
20651.5
20164.6
20207.2
19856.5
21057.3
21973.6
22942.3
23844.1
24683.1
25480
26220.4
26896.8
27526
28104.4
28625
29083.5
29479.5
29816.3
30094.6
30316.8
30484.9
30595.5
30645.2
30635.5
30573.6
30462.4
30304.2
30100.4
29842.1
29530.9
29174.5
28774.2
28322.6
27817.9
27257.2
26645.2
26003.8
25337
24642.9
23927.3
22864.6
22201.3
21461.6
20836.3
19946.8
19161.5
18444.2
17816.9
18614.2
20160.9
21272.5
22273.6
23353.4
24301.1
25187.1
26015.3
26775.7
27476.3
28112.9
28675.4
29170.6
29609.1
29996
30329.2
30603.2
30811
30951.8
31025.7
31038
30996.5
30902.9
30757.1
30564.3
30328.1
30050.8
29735.3
29373.8
28954.3
28475.8
27940.5
27347.5
26698.8
25997.1
25245
24463.1
23684.9
22912.6
22154.5
21175.5
20160.2
19340.8
20438.1
19942.8
19844.3
19473.6
20735.9
21680.7
22649.8
23579.3
24435.6
25248.3
26004.7
26694.6
27337.1
27928.6
28461.5
28930.6
29336.3
29683.1
29971.4
30203.6
30381.2
30502.2
30562.7
30563.3
30511.9
30411.7
30264
30070
29822.1
29521.6
29175.6
28785.6
28343.9
27847.2
27293.3
26687.4
26052
25390.7
24700.2
23985.7
22935.2
22270.2
21553.5
20924.1
20018
19234.7
18510
17860.7
18448.5
17995.1
18940.4
19732.6
20624.3
21424.2
22196.4
22938.3
23639.8
24297.2
24907.2
25466.9
25978.3
26436.2
26846.7
27210.1
27521.8
27785
27996.9
28153.2
28257.6
28310.4
28313.2
28268.9
28180.6
28050
27880.6
27673
27422
27129.3
26791.7
26403.7
25964.6
25476.5
24937.9
24354.6
23740.3
23103.4
22451.7
21798.7
20941.8
20351.2
19528.7
20732.7
20248.4
20049.6
21643.4
23154.5
24322.5
25478.1
26587.7
27581.2
28505.5
29347
30104.2
30799.5
31421.6
31964.9
32438.3
32840.7
33174.8
33441.6
33635
33757.5
33810.2
33790.6
33707.1
33568.5
33373.1
33123.4
32825
32467.8
32055.2
31596.1
31079.5
30496.9
29854.1
29149.1
28385.5
27590.3
26764.8
25908.1
25049.4
23860
23094.2
22313.5
21253.4
20325.3
19538.1
18796.3
18142.8
18405.5
17920.1
18887.3
19660.1
20534.6
21328.1
22087.3
22817.7
23511.1
24163
24775.6
25348.5
25881.4
26368.1
26812
27214.5
27574.5
27897.1
28181.2
28421.1
28613.1
28751.9
28835.6
28864.9
28840.5
28762.6
28637
28467.5
28250.1
27988.1
27677.5
27312
26892.5
26420.2
25894.1
25318.2
24702.1
24053
23388.2
22712.5
21886.5
21255.5
20381.7
21560.6
21026.5
20677.9
22015
23559.2
24701.7
25780.6
26849.4
27785
28647.4
29428
30123.1
30756.5
31319.3
31804
32218.6
32562.8
32842.4
33060.3
33210.8
33296.8
33319.4
33275
33170.8
33015.7
32810
32555.1
32255.3
31900.8
31493.9
31043.9
30539.9
29971.9
29344.9
28657
27912
27136.2
26330.7
25493.1
24649.5
23470.4
22719.2
21969.4
20955.1
20011.7
19231.5
18496.2
17861.3
17946
17461.4
18482.6
19292.4
20198.7
21034.4
21828.7
22594.3
23321
23999.7
24633.3
25218.5
25752.8
26231
26660.2
27041.2
27370.9
27652.3
27881
28053.2
28171
28235.3
28248.6
28215.5
28137.8
28016.7
27855.8
27657.3
27418.4
27140.1
26817.2
26443.9
26020.2
25548
25026.7
24460.6
23856.8
23221.8
22577.5
21922.1
21156.6
20549.2
19692.9
18923.6
18233.5
17679.6
18715.1
20224.6
21332.5
22372
23455.1
24413.9
25313.2
26153.9
26925.5
27637.1
28282.3
28853.8
29358
29804.1
30195.3
30529.5
30800.6
31003.9
31138.4
31203.9
31206.7
31154.2
31047.7
30887.2
30677.7
30422.7
30124.7
29786.1
29398
28951.2
28445.5
27883
27263.3
26589.6
25864
25090.3
24292.2
23503.4
22721.1
21949.6
20931.4
19937.3
19125.3
20240.7
19756.1
19838.5
19497
20705.9
21637.7
22622.4
23540.8
24398.6
25215.9
25975.1
26667.5
27310.3
27899.9
28430.9
28898.4
29301.5
29643.2
29923.7
30146.3
30312.9
30420.4
30466.2
30451.4
30382.4
30262.3
30094.2
29879
29609.3
29287.1
28919.3
28507
28043.5
27527.1
26955.4
26332.7
25681.4
25005.9
24305.3
23586.4
22531.1
21867.3
21123.5
20504.1
19623.5
18848
18144.6
17544.1
18383.1
19940.5
21068.4
22096.9
23198.2
24167.7
25076.8
25929.2
26713.8
27437.8
28097.3
28682.7
29200.2
29659.2
30063.4
30411.8
30698.8
30918.5
31069.6
31152.5
31171.8
31134.7
31043.9
30899.4
30706
30468.1
30187.5
29866.5
29497.1
29068
28577.9
28030.2
27424.3
26762.8
26048.9
25285.7
24495.3
23710.2
22933.3
22170.7
21186.8
20174.2
19355.8
20468.4
19979.9
19913.4
19545.7
20789.6
21723.1
22682.4
23602.9
24453.8
25264.1
26020.1
26710.5
27353.6
27946.5
28481
28952.2
29359.9
29707.8
29998.4
30234.2
30416.6
30542.6
30608.7
30615.7
30570.3
30475.2
30332.1
30142.1
29896.8
29597.8
29252.1
28860.7
28415.7
27915.3
27358
26748.5
26109.7
25446.3
24755.6
24042.8
22992.2
22330.1
21612.5
20989.6
20093.6
19317.2
18601.6
17968.7
18587.5
18136
19079.4
19877
20773.7
21576.6
22351.7
23095.8
23798.7
24455.6
25063
25619.2
26125.3
26575.6
26974.3
27322.1
27614.9
27857.3
28047.1
28181.4
28266.9
28306.9
28305.5
28267.5
28195.8
28088.6
27946.7
27774
27567.7
27332
27064.3
26755.5
26399.4
25992.7
25530.3
25015.4
24460
23870.9
23259.6
22640.1
21807.8
21242
20438.3
21673.8
21202
21035.5
22634.5
24116.6
25254
26382.2
27451.7
28399.4
29273.8
30063.7
30767.7
31407.1
31972.3
32457.5
32871.4
33211.8
33480.7
33679.5
33801.2
33850.2
33829.4
33735.4
33578.3
33368.3
33104.1
32788
32426.3
32010.1
31542.7
31033.7
30471.8
29848.6
29169.7
28433.2
27642.9
26826.2
25984.7
25117.2
24252.5
23058.7
22296.2
21518
20469.5
19561.8
18791.8
18077.8
17448.5
17870.4
17421.8
18407.6
19222
20142.5
20975.1
21776.7
22548.9
23282.5
23970.3
24612
25204.1
25746.5
26235.2
26676.1
27068.8
27408.7
27698.2
27934.3
28112.2
28235.4
28304.2
28320.2
28287.1
28208.1
28085.1
27921
27717.1
27469.6
27179.3
26842.6
26454.5
26014.6
25525
24984.2
24397.7
23777.8
23132.4
22475.2
21814.7
20984.2
20380.2
19538.8
20716.6
20215.5
19941.9
21409.8
22960.1
24135.3
25270.3
26381.9
27371
28290.5
29129.2
29883.8
30576
31197.1
31739.2
32210.7
32611.5
32944.5
33211.9
33407.5
33533.3
33590.1
33574.1
33493
33356.4
33163.2
32915.1
32616.9
32258.7
31843.9
31381.7
30860.9
30271.9
29619.5
28902.7
28125.9
27316.7
26477.2
25605.6
24729.5
23524
22739.3
21950.1
20889.2
19926.9
19121.1
20281.2
19793
20049.2
19726.3
20872.3
21773.9
22748.5
23632.5
24466.3
25260.4
25996.5
26669.6
27293.1
27865.7
28382
28837.1
29229.6
29562.2
29835
30051.3
30214.2
30319.5
30364.2
30349.4
30281.6
30162.9
29996.1
29783.3
29515.5
29194.2
28825.4
28410.3
27943.1
27421.8
26844
26215.3
25558.6
24877.9
24174.5
23455.5
22389.4
21725.7
20947.2
20327.8
19460.1
18679.8
17979.6
17408.3
18432.9
19906.9
20990.2
22005.7
23065.2
24007.5
24894.9
25724.8
26489.5
27196.5
27840.3
28413
28920.9
29374.3
29776.7
30124.8
30412.2
30633.5
30788.3
30876.2
30902.6
30874.1
30791.6
30655.5
30470.5
30241.1
29969.9
29658.9
29298.2
28877.2
28395.6
27855.8
27257.3
26602.8
25895
25137.4
24354.6
23579.6
22808.6
22047.2
21035.9
20051.6
19243.8
20361.2
19877
19955.1
19608
20778.5
21677.7
22630.4
23512.5
24336.7
25122.1
25851.1
26517.1
27134.8
27702.5
28213.7
28663.5
29051
29378.4
29646.1
29857.8
30015.7
30116.3
30156.9
30139.3
30070.4
29953.4
29791.3
29585.5
29327.6
29018.7
28665.7
28268.9
27822.7
27324.8
26772.6
26170.8
25541.5
24888.4
24210.5
23514.1
22480.4
21836.1
21110.5
20507.9
19648.4
18888.9
18199.3
17602.2
18448.6
19983.1
21093.1
22103.7
23180.7
24130.2
25022.7
25858.4
26627.8
27338.7
27987.3
28565.1
29076.6
29532
29935.5
30284.9
30574
30796.8
30953.1
31042.4
31069.7
31042.6
30963.4
30831.3
30650
30423.5
30154.6
29844.3
29484
29062.8
28579.6
28035.1
27429
26764.1
26044.1
25272.9
24473.2
23680.9
22901.1
22144.7
21174.7
20190.7
19405.8
18668
18046.2
17855.8
17330.6
18493.2
19394.1
20347.5
21282.2
22160.1
23002.4
23799.2
24536.7
25220.4
25851.8
26425
26934.9
27392.2
27799.3
28153.5
28456.5
28703.8
28890.7
29016.8
29082.4
29092.7
29052.6
28962.6
28826.2
28647.6
28428.2
28167.4
27865.8
27515.7
27110.6
26651.9
26139.2
25571.3
24953.2
24289.8
23586.6
22875.2
22148
21365.3
20686.7
19728.7
18890.1
18119.4
17434.5
18027.3
17556.7
18465.4
19240.9
20112.5
20895.2
21657.6
22392.2
23089.3
23744.8
24354.1
24917.5
25435.2
25902.5
26325.1
26702.6
27028.3
27304.9
27530.6
27701.9
27821.7
27890.5
27909.6
27882.6
27812.2
27700
27549.2
27359.8
27126.3
26850.4
26529
26156.3
25732.2
25258.4
24733.6
24163.2
23562
22938.5
22298.7
21656.5
20803.2
20220.7
19408.2
20535.1
20050.3
19877.1
21483.7
22962.1
24105.4
25243.3
26325.3
27295.3
28197.8
29015.4
29749.2
30419
31016.2
31536.3
31989
32373.4
32691
32942.2
33120.4
33228.6
33268.2
33236.6
33142.9
32996
32794.6
32541
32239.9
31882
31470.8
31013.5
30497.8
29915.7
29273.5
28569
27806.2
27011.5
26185.8
25329.4
24470.4
23295
22525.1
21736.2
20672.6
19751.2
18963.8
18233.8
17584.7
18007.4
17545.8
18502.3
19290.5
20180.8
20980.7
21753.6
22495.9
23198.4
23855.4
24463.7
25023.4
25534.1
25991.2
26401.2
26764.2
27075.9
27339.6
27552.3
27710.3
27816
27869.2
27872.4
27830
27744.1
27616.6
27450.6
27247.4
27002.5
26717
26387.2
26007.8
25578.4
25100.7
24572.9
24000.1
23394.7
22762.1
22117.7
21471.2
20648
20052.9
19221.8
20296.8
19791.7
19516.1
20979.8
22492.6
23639.8
24747.9
25831.1
26797.2
27696.5
28514.3
29249.8
29921.8
30523.2
31047.3
31502.3
31888.3
32209.2
32466.5
32653.7
32772.7
32825
32806.6
32725.7
32592.1
32405
32166.2
31880.5
31539.4
31145.8
30707.2
30213
29654
29034.5
28354.7
27617.3
26847.6
26047.6
25216.4
24380.6
23235.1
22486.7
21732.5
20706.5
19785
19011.7
18287.2
17653
17876.2
17404.9
18382.2
19169.7
20055.1
20861.3
21635.9
22380.9
23086.3
23745.6
24357.6
24921.4
25435
25894.3
26306.3
26671.5
26985.4
27251
27465.3
27624.8
27732.1
27786.9
27792.2
27751
27665.8
27538.6
27372.1
27168.3
26923.8
26639.6
26310.8
25932.3
25504.5
25028.4
24503
23933.7
23330.2
22699.2
22058.7
21411.2
20627.7
20029.4
19191.5
20386.1
19889.6
19561.6
20886.2
22458.6
23630.2
24731.4
25829.7
26802.2
27707.4
28531.6
29272.7
29951.1
30560.7
31093.6
31557.7
31952.3
32281.4
32547.8
32745.2
32875.2
32938.5
32931.7
32862.3
32739.4
32562.3
32332.7
32054.8
31719.1
31329.1
30893.8
30402.5
29845.3
29226.5
28544.8
27804.4
27032.4
26230.8
25397.2
24558
23387.6
22640.7
21898.9
20898.2
19959.5
19188.7
20447.4
20004.1
20152.9
19837
21016
21932.9
22905.8
23798
24633.9
25428.4
26163.3
26833.2
27452.6
28019.8
28529.9
28978.2
29361
29680.4
29937.2
30133.6
30271.3
30347.5
30360.1
30312
30211
30061.6
29871.4
29644.8
29375.6
29066.1
28722.1
28340.9
27916
27447.9
26937.7
26393.3
25835.6
25263.3
24668.7
24052.8
23073.4
22499.3
21826.2
21272
20454.6
19722.6
19052.5
18477.6
19367
20875
21964.2
22950.4
23995.9
24914.7
25772.9
26568.6
27295.1
27959.6
28557.3
29082
29540.1
29940.3
30286.1
30575.2
30802.3
30960.5
31048.1
31065.5
31018.2
30912.7
30752.1
30539.3
30280.1
29979.2
29639
29262.4
28841
28366.5
27839.5
27262.8
26636
25961.3
25241.4
24478.3
23692.9
22917.8
22152.6
21404.3
20430.5
19447.7
18653.7
19744.3
19273.9
19246.6
18900.6
20115.1
21038.6
21994.2
22899.1
23741.8
24544.7
25292.5
25979.3
26617.7
27206.4
27738.9
28211.7
28621.8
28972.1
29265.1
29503.4
29688.4
29816.4
29883.5
29891.2
29846.1
29751.3
29609
29420.4
29177.2
28881.3
28539.5
28152.6
27713.7
27220.9
26673
26073.8
25445
24791
24109.6
23406.9
22374.8
21721.9
21008.9
20393.9
19513.7
18743.2
18036.8
17402.5
18070.8
19619.3
20725.9
21708.1
22773.2
23709.9
24590
25413.9
26172.8
26873.2
27511.4
28079.5
28582.5
29029.9
29425.7
29768
30052.3
30271.3
30423
30508.2
30532
30501.7
30419.4
30285.1
30102.8
29876.9
29609.3
29302.6
28949.3
28538.4
28068.6
27542.4
26959
26320.6
25629.8
24888.1
24115.3
23344
22579.3
21830.6
20881.4
19864.5
19045.5
20065.7
19566.3
19390.7
20984.1
22414.9
23525.6
24641.6
25696
26643.2
27526.5
28327.6
29049.4
29708.7
30297
30810.1
31257.9
31638.9
31954.7
32206.8
32388.8
32502.6
32549.9
32528.2
32445.4
32308.7
32117.1
31873.4
31582.4
31234.9
30834.1
30387.3
29882.4
29312
28681.8
27990.4
27241.4
26459.2
25645.5
24801.2
23955.5
22812
22052.8
21272.6
20220.2
19316.5
18541.4
17823
17181.2
17640.4
17190.9
18126.4
18903
19780.7
20568.7
21333
22069.4
22768.4
23425.4
24036.7
24602.6
25122
25590.3
26012.6
26388.5
26714.3
26992.5
27219.8
27393.6
27516.8
27588.5
27609.9
27585.4
27517.8
27408.1
27259.9
27073.7
26844.8
26574.4
26258.7
25891.7
25472.9
25004.3
24485.6
23920.9
23322.7
22699.7
22063
21423.5
20602.6
20015.5
19198.1
20291.5
19798.8
19538
21009.1
22484.6
23602.5
24691
25748.1
26688.4
27564.5
28359.8
29075.6
29730.9
30317.6
30828.5
31272.1
31647
31956.2
32201.3
32377.6
32486.9
32530.4
32505.6
32419.9
32280.7
32087
31842
31550.1
31202.1
30801.4
30355.6
29853.7
29286.8
28660.3
27972.7
27227.7
26450.7
25643.2
24804.5
23962.3
22809.2
22055.2
21297
20268.9
19353.5
18583.4
19853.8
19402
19844
19563.9
20668.6
21549.9
22508.6
23364.7
24176.3
24947.6
25660
26311.6
26914.2
27466.1
27963.9
28403.3
28780.3
29095.7
29351
29550.2
29695.9
29786
29818.7
29795.1
29720.6
29597.6
29430.4
29219.6
28955.8
28641.1
28280.2
27873.6
27417.4
26910.5
26349.5
25741
25108
24454.4
23783
23100.8
22059.7
21439.7
20677.5
20104.9
19296.8
18558.3
17907.9
17417.4
18586.5
19994
21041.5
22044.4
23068.4
23985.4
24850.1
25655.9
26398.9
27084.7
27707.3
28260.4
28750.7
29187.2
29571.8
29901.9
30171.9
30376
30514.5
30587.8
30601.6
30562.2
30470.1
30325.2
30133.3
29897.9
29621
29303.2
28933.2
28502
28009.6
27457.5
26845.6
26178.2
25458.2
24690.5
23900.5
23124.2
22356.3
21602.7
20600.6
19679.6
18928.2
18225.4
17633.2
17751.3
17278.1
18336.6
19195.6
20146.4
21036.8
21888
22705.1
23475.9
24190.8
24850.6
25457.3
26008.8
26501.2
26942
27331.8
27667.9
27953.7
28183.6
28353.5
28465.8
28519.8
28518.3
28465.6
28363.3
28215.1
28025.3
27795.3
27523.2
27210.6
26851.4
26440
25976
25460.1
24890.9
24273.5
23617.3
22928.7
22231.2
21522.6
20707.9
20055.6
19150.7
20195.2
19629.8
19188.2
20307.9
21854.4
22983.5
24023.1
25088.4
26030.4
26911.2
27717.5
28446.7
29118.5
29726.6
30261.6
30730.2
31131.5
31469.2
31745.2
31955.3
32099.2
32177.2
32185.5
32131
32022.6
31860.2
31645.8
31383.3
31064.3
30691.9
30275.5
29806.1
29272.9
28679.8
28026.2
27315.4
26572.7
25799.9
24993.8
24177.6
23042.9
22311.2
21589.7
20622.3
19676.8
18906.9
20022.5
19574.8
19603.2
19266.3
20464
21376.3
22321.7
23210.9
24038.3
24826.2
25556.2
26222.9
26840.5
27407.9
27918.2
28366.9
28752.1
29076.3
29341.1
29550.7
29706.7
29806.7
29848.4
29832.3
29765.2
29649.7
29488.8
29283.3
29025.1
28715.9
28362.4
27965.4
27517.3
27016.2
26460.6
25855.6
25223.1
24567.1
23885.5
23183.6
22150.5
21498.1
20779.2
20167.4
19294.6
18528.5
17828
17227.9
17953.7
19496.1
20598.5
21577.4
22635.2
23566.1
24439.8
25255.4
26004.9
26694.3
27320.3
27875.2
28364.6
28798.4
29180.1
29508.1
29777.9
29983.2
30122.7
30198.1
30213.7
30175.4
30085.4
29943.4
29754.3
29522.7
29250.8
28941.1
28585.2
28172.3
27701.2
27174.9
26592
25955.1
25267.3
24530.4
23764.6
23002.7
22249.1
21506.7
20561.1
19561.8
18759
19767.7
19286.9
19169.3
20788.1
22205.1
23309.4
24418.8
25465.7
26407.9
27286.2
28082.2
28799.9
29455.7
30040.8
30550.4
30994.7
31372
31684.3
31933.4
32113.5
32226.4
32273.1
32251.5
32169.4
32034.6
31845.8
31606.5
31320.9
30980.5
30588.7
30151.3
29657.3
29100.1
28485
27810.4
27080.4
26318.6
25525.9
24704.6
23883.8
22770.3
22034.5
21270.8
20242.3
19368.8
18617.8
17924.5
17320.9
17852.8
17419
18357
19141.9
20024
20814.1
21579.3
22313.3
23007.3
23656.5
24257.8
24810.3
25314.7
25766.3
26170.5
26527.1
26832.8
27090.3
27295.7
27446.4
27546.4
27595.1
27593.9
27547
27457.1
27325.8
27156.2
26948.9
26698.4
26406.7
26070.7
25685.7
25251.1
24769.2
24238.6
23664.2
23059.6
22433.2
21794.3
21152.1
20324.7
19745.8
18939.5
20049.4
19574.7
19374.2
20889.1
22366.2
23493.4
24599.4
25665.2
26614.5
27499.4
28302.4
29025.1
29685.4
30276.2
30791.6
31240.1
31620
31933.4
32182.4
32361.9
32473.3
32518.2
32493.8
32407.9
32268.5
32074.1
31827.4
31533.8
31183.6
30780.8
30333.7
29830.6
29262.6
28635.3
27947.8
27204.5
26430.7
25627.8
24795.6
23961.6
22816.8
22071.1
21312.6
20288.9
19386
18623
19899.9
19467.3
19971.4
19700.6
20807.6
21697.5
22665.8
23528.5
24346.6
25122.7
25839.1
26493.5
27097.2
27649.2
28147
28586.2
28963
29278.9
29534.8
29733.8
29879.5
29969.9
30003.1
29979.6
29906.2
29785
29620.1
29412.3
29151.9
28840.8
28483.7
28081.2
27627.9
27122.5
26562.1
25952.4
25316
24657.2
23979.6
23291.7
22244
21615.5
20837.4
20261.5
19451.1
18705.9
18051.2
17589
18791.4
20189.5
21234.4
22245.5
23270.9
24186.4
25048.6
25850.6
26589
27268.8
27883.2
28427.1
28907.4
29332.4
29704.2
30020.6
30275.7
30463.9
30584.2
30636.6
30626
30557.4
30433.1
30255.8
30032.4
29767.4
29465.9
29132.6
28759.7
28340.3
27875.5
27364.7
26804.4
26199.5
25554.9
24878.1
24194.9
23534.4
22879.7
22222
21298
20443.9
19736
19057.3
18477.1
18627.9
18165.4
19170.7
19958.7
20833.9
21640.1
22406.9
23141.2
23833.5
24476.9
25070.8
25614.4
26104.5
26536.3
26917.5
27249.7
27530.2
27762.2
27942.3
28067
28136.8
28150.5
28110.7
28020.7
27882.5
27699.1
27475.3
27213.7
26912.3
26572.7
26190.7
25761.3
25286.5
24768.5
24207.6
23608.7
22979.6
22326.2
21669.3
21004.9
20230.9
19625
18778.2
19975.1
19474.6
19126.7
20352.1
21955
23137.9
24230
25340.5
26321.5
27236.1
28073.1
28830
29525.1
30152.4
30703.2
31183.6
31593.5
31938.2
32219.1
32431.3
32575.7
32652.7
32658
32598.5
32483.9
32313.7
32089.7
31816.5
31485.1
31098.5
30665.5
30176.1
29620.8
29003.7
28324.1
27585.4
26814.1
26012.3
25176.7
24332.1
23153.8
22399.7
21651.4
20658
19698.5
18912.2
20033.4
19574.2
19694.8
19365.1
20530.6
21426.6
22375.8
23256.5
24081
24865.4
25592.3
26257
26872.5
27437
27944.9
28391.7
28776.5
29102.2
29370.1
29583
29742.8
29846.5
29891.5
29878.3
29813.4
29699.7
29539.6
29334.1
29075.1
28764.4
28408.2
28007.1
27554.8
27049.7
26489.4
25878.7
25238.8
24574.6
23886.2
23179.3
22137.2
21479.9
20737.5
20121.9
19251.8
20477.7
19956.7
19554.6
20584.6
22236.9
23434.6
24509.3
25626
26602.1
27508.9
28336.6
29081.9
29765.4
30381.9
30921.7
31390.6
31788.5
32121.1
32390.4
32590.3
32722.2
32786.9
32780.8
32709.5
32583.8
32403.8
32171
31888
31546.2
31148.7
30706.6
30211.2
29651.3
29030.1
28346.4
27604.8
26831.4
26028.2
25191.2
24343.3
23150.8
22393.1
21644.8
20674.7
19686.1
18888.4
19953.8
19477.5
19366.6
18999.4
20239.7
21166.1
22103.6
23012.4
23850
24646.9
25387.5
26064.6
26693.9
27274.5
27797.6
28258.1
28656.4
28996.9
29281
29510.4
29685.5
29804.8
29865.2
29867.3
29817.9
29719.8
29574.7
29384.1
29140.5
28845.6
28507.2
28125.6
27692.4
27205.7
26664.1
26071.7
25449.4
24801.1
24124.1
23423.4
22396.3
21744.3
21047.1
20432.6
19544.5
18778.3
18066.2
17439.4
17962.7
17517.5
18447.2
19222.1
20094.6
20875.3
21628.7
22350.9
23033.4
23672
24264.8
24809.8
25308.2
25754.5
26154.4
26508.9
26813.4
27069.9
27275.6
27426.6
27526
27574.3
27573.1
27526.9
27438.2
27308.8
27142.2
26939.7
26695.5
26410.9
26082.6
25704.9
25278.2
24804.1
24281
23714.5
23117.1
22496.7
21863.6
21226.8
20401.5
19824.7
19019.3
20136.8
19658.3
19445.1
20969.4
22454.7
23588.1
24698.5
25773.5
26733
27623.7
28434.8
29164.1
29832
30429.7
30950.9
31404.9
31790.9
32111.9
32369.2
32555.9
32673.7
32723.3
32702.5
32619.4
32483.2
32293.1
32051.8
31762.8
31417.7
31019.3
30575.7
30076
29511.9
28888.5
28204.7
27464.1
26692.4
25890.4
25057.6
24221.2
23072.1
22325.2
21567.9
20542.5
19640.5
18880.7
18171.8
17555.8
17884.3
17428.7
18402.5
19196
20096.4
20911.2
21693.5
22446
23161.6
23832.5
24458.1
25034.7
25562
26035.7
26462.3
26842.3
27171.3
27451.7
27680.1
27853.8
27974.6
28042
28059.2
28030.2
27957
27841.4
27686.6
27493.2
27257.2
26979.6
26656.1
26282.1
25857.4
25384.1
24861.2
24293.5
23690.2
23058.2
22412.1
21755.2
20942.8
20332
19481
20548.8
20024
19683
21037.7
22562.5
23707.7
24812.6
25918.9
26907.9
27831.6
28684.3
29465.5
30196.8
30872.4
31480.5
32023.5
32495.5
32895.9
33223.7
33471.5
33640.2
33733.3
33749.2
33696.3
33584.6
33414.2
33187.4
32909
32570.4
32173.8
31727
31218.6
30639.8
29995.6
29285.1
28512.8
27705.1
26864.9
25991.2
25110.2
23915.7
23119.7
22325
21262.7
20276.8
19445.7
20555.3
20037.1
20274.1
19917.9
21001.4
21837.7
22751.4
23576.2
24351.8
25088.6
25773.5
26401
26984.2
27520.6
28005.8
28434.8
28805.3
29119.4
29377.6
29583
29738.3
29840
29885.1
29875.7
29817.5
29712.9
29564.4
29371.9
29126.6
28829.7
28486.5
28097.5
27656.9
27163.2
26613.4
26013.3
25384.6
24732.3
24057.1
23366.4
22333.2
21696.1
20941.3
20347.3
19508.7
18753.6
18077.7
17539.2
18600.8
20090.9
21184.9
22214.7
23282.4
24227.7
25112
25936.8
26694
27392.2
28024.7
28583.3
29075.8
29512.5
29896.7
30226.8
30495.9
30697.9
30832.5
30900.7
30908.4
30862.4
30765.3
30617.2
30422.9
30185.7
29908
29590.7
29224.6
28799.6
28315.8
27774.5
27175.9
26523.3
25818.5
25065.9
24288.7
23519.8
22755
21999.3
20993.8
20019.3
19221.2
20389.2
19918
20036.1
19705.8
20904.8
21828.3
22806.9
23715
24562.3
25366.1
26111.3
26789.6
27417.9
27992.6
28508.4
28960.3
29347.9
29674
29938.5
30144.7
30295
30386.9
30418.1
30390.3
30310.7
30182.2
30007.4
29787.3
29513.7
29188.2
28817.1
28401.4
27934.2
27413.3
26836.1
26207.7
25551.1
24871.5
24169.4
23451.5
22390.5
21730.3
20984.7
20367.6
19491.2
18714.6
18007.8
17409.2
18273.8
19818.7
20935.9
21949.6
23034.1
23993.9
24893.8
25736.8
26513.2
27230.1
27882.5
28461
28971.6
29424.8
29825
30169.6
30451.9
30666
30811.9
30889.4
30904.1
30864
30771.6
30627.2
30435.2
30200.4
29924.8
29610.1
29247.5
28825.9
28344.7
27806.6
27211
26561.1
25859.7
25109.7
24331.9
23559.9
22794.8
22042.3
21063.6
20064
19256.5
20386.3
19908
19868.8
19511.4
20753.6
21691.9
22661.1
23584.6
24439.5
25251.9
26007.2
26695.6
27334.5
27920.8
28447.1
28909.2
29306.8
29644.2
29922
30143.3
30309.2
30416.8
30462.4
30447.1
30378.7
30260.2
30094.2
29881.9
29614.9
29294.6
28928.4
28517.2
28054.2
27537.8
26966.6
26345.4
25696.4
25023.1
24322.7
23600.8
22540.6
21871.5
21143.7
20514.6
19614.8
18832.5
18113.3
17487.2
18138.8
17699
18643
19447.5
20348.5
21157.5
21939.2
22690.3
23401.9
24069.6
24688.4
25256.8
25777.2
26245.1
26665.7
27038.3
27358.5
27629.4
27846.8
28006.4
28112.9
28166.7
28169.9
28125.9
28037.8
27907.4
27738.3
27531.1
27279.8
26986.9
26649.6
26262.1
25823.8
25336.8
24800
24219.2
23609.3
22979
22335.9
21691.2
20837.1
20261.2
19455.8
18703.4
18051.5
17649.1
19023.3
20397.2
21451.1
22508.3
23552.6
24493.1
25377.3
26200.1
26956.9
27656
28287.1
28846
29341.5
29782.5
30170.7
30504.1
30774.7
30978.3
31114.9
31185
31195.8
31153.1
31057
30907.3
30709.9
30467.5
30183.1
29856.9
29476.9
29035.1
28532.1
27968.8
27345.3
26665.8
25931.3
25146.6
24339.3
23543.3
22747.1
21941.8
20860.9
19906.6
19102.5
18360.5
17711.7
18028.8
17553.1
18555.2
19385.3
20332.3
21206.3
22060.1
22891.8
23685.9
24431.6
25124.7
25761.1
26339.5
26855
27317.2
27727.2
28081.9
28384.9
28632.5
28820.8
28952
29025.8
29044
29009.3
28924.5
28791.4
28613.7
28393.2
28126.6
27816.4
27459.3
27050.2
26588.9
26076.7
25511.8
24897.7
24244.4
23559.8
22859.3
22150.1
21284.7
20626.8
19724
20759.7
20190.9
19805.5
21137.3
22648
23772
24851
25922.7
26871.3
27755.7
28565.4
29295.8
29968.8
30574.9
31107.2
31573.7
31973.4
32310.5
32586.5
32794.9
32935.8
33008.9
33010.9
32949.5
32833.7
32662.6
32437.5
32163
31830
31441.8
31006.4
30513.3
29954.1
29333.8
28650.3
27908.3
27134.1
26328.3
25489.1
24642.1
23477.7
22715.3
21955.9
20927.7
19978
19188.6
20424.4
19956.5
20241.7
19933.6
21091.6
22000.7
22984.3
23871.8
24705.1
25496
26227.1
26893.9
27512.4
28078.4
28588
29036.1
29420.6
29744.2
30007.9
30215.2
30369.4
30466.2
30502.7
30480.8
30407.3
30284.2
30114.8
29900.3
29631.3
29309.9
28940.7
28525.4
28058.4
27538.7
26963.7
26338.1
25684.5
25007.6
24308.6
23594.9
22525
21870.3
21099.2
20488.6
19628.4
18852.6
18153.6
17579.6
18622.2
20108
21196.5
22216.7
23280.6
24223.1
25106.1
25930
26685.1
27380.7
28009.5
28564.7
29053.3
29485.2
29864.5
30188.8
30451.9
30647.8
30776
30837.1
30838.1
30786.5
30683.9
30529.9
30330.4
30088.6
29806.5
29485.5
29115.6
28686.4
28197.9
27653
27051.2
26394.8
25686.5
24930.3
24149.6
23378.1
22611.9
21856.5
20847.1
19866.5
19063.6
20170.9
19686.7
19773.9
19436.9
20625.4
21540
22515
23416
24255.5
25055
25797.2
26473.5
27100.4
27674.1
28190.3
28643.3
29032.5
29360.9
29629.8
29842.9
30002.6
30105.6
30149.3
30135.5
30070.9
29957.5
29798.1
29593.2
29334.3
29023.1
28667.4
28268.2
27818.7
27317
26760.3
26152.9
25516.9
24856.7
24171.6
23467.7
22428.7
21777.5
21043.3
20432
19562.4
18794.2
18095.6
17484.8
18340.2
19877.9
20989.1
21994.2
23072.5
24024.9
24917.2
25753.2
26521.5
27230
27873.7
28444.2
28947.4
29392.6
29784
30119.2
30392.9
30598.8
30736.1
30805.8
30813.6
30767.1
30668.8
30518.6
30321.8
30082.2
29801.2
29481.7
29114.9
28690
28206.3
27666.4
27069.8
26419.1
25716.4
24964.7
24185.8
23412.5
22646.8
21898
20921.2
19921.4
19113.2
20211.4
19724.8
19665.6
19306
20544.3
21478.5
22438
23358.7
24212.1
25025.6
25784.9
26479
27125.8
27721.3
28259.7
28734.8
29145.8
29496.4
29788.3
30023.7
30204.5
30328
30390.5
30393.3
30344.3
30246.4
30101.3
29910.1
29664.5
29366.4
29022.7
28634.3
28193.6
27698.5
27147
26543.9
25910.6
25251.4
24564.1
23854.3
22811.3
22153.1
21437.8
20816
19924
19150.1
18439.8
17803.5
18447.4
18002.4
18954.3
19765.7
20672.5
21486.5
22274.2
23031.8
23748
24419.2
25041.6
25612.8
26134.2
26601.2
27019.3
27387.4
27699.3
27958
28160.2
28300
28381.2
28406
28378.4
28302.2
28182.1
28021.5
27827.4
27602.8
27344
27053.3
26726.1
26354
25937
25480.7
24986.3
24460.6
23916.6
23357.2
22783.6
22205.8
21409.2
20880
20106.5
19375.2
18741.3
18406
19855.3
21208.2
22260.5
23329.3
24364
25295.3
26166.7
26972.1
27707.1
28379.1
28977.8
29501
29958.8
30359.9
30705.5
30993.1
31215.7
31368.2
31450.9
31464.2
31415
31309.4
31147.9
30932.2
30668.5
30360.5
30012
29623
29183
28684.3
28130
27522.8
26863.1
26155.7
25402.3
24609.5
23804.3
23018.5
22237.2
21442.4
20375.3
19453
18667.8
17942.7
17303.9
17737.6
17287.5
18274.4
19093.6
20020.6
20856.8
21663.3
22440.2
23177.6
23869.3
24513.5
25108
25652.8
26143.5
26586
26980.9
27323.6
27616.6
27856.6
28039.1
28167.3
28241
28262.7
28235.4
28161.6
28043.1
27883.5
27684
27439.9
27152
26816.5
26429
25989.3
25499.3
24958
24371.1
23750.5
23103.8
22444
21780.4
20942.7
20334.9
19489.4
20667.2
20161.6
19875.8
21290.7
22868
24054.8
25188.2
26308
27301
28223.3
29065.4
29822.3
30515.7
31137.4
31680.3
32152.3
32553
32886.4
33154.3
33350.7
33477
33534.7
33519.4
33439
33302.6
33109
32861
32563.4
32206.1
31792.7
31332
30812.7
30224.6
29573.1
28858
28083.6
27276.4
26438.8
25569
24694
23488.6
22704.4
21916.8
20864.2
19893.1
19082.3
20229.5
19753.2
20053.9
19736.9
20885.8
21791.3
22772.9
23656.8
24488.2
25279.9
26014.9
26686.4
27310
27882.5
28399
28855
29248.6
29581.1
29853.2
30068.1
30228.4
30330.7
30373.3
30357.5
30289.7
30172.2
30008.1
29797.8
29531.4
29210.8
28842.1
28426.2
27957.6
27434.4
26853.8
26221.2
25559.2
24872.7
24163.6
23439.3
22371.2
21701.1
20912
20290.9
19422
20614.7
20092.4
19737.3
20980.4
22604.3
23798.5
24909.5
26034.6
27025.5
27945.9
28788.3
29546.7
30242.5
30869.7
31418.7
31897.2
32304.8
32645.4
32922.1
33128.5
33265.6
33334.1
33329.8
33259.9
33134.8
32954.6
32720.5
32436.6
32093.8
31694.9
31249.5
30747.2
30178
29546.1
28851.3
28097.3
27310.5
26492.7
25641
24780.2
23581.2
22809.8
22041.7
21023.5
20038.5
19228.9
20308.6
19826.3
19953
19610
20778
21675.1
22635.8
23521.6
24347.8
25131.8
25859.6
26522.3
27136.4
27699.3
28205.9
28651.7
29035.9
29360.5
29627.1
29837.9
29994.8
30095.2
30136
30118.6
30049.8
29932.4
29768.7
29559.8
29297.1
28982.3
28622
28217
27761.4
27253
26690.7
26078.9
25438.3
24773.1
24083.3
23374.4
22333.3
21673.8
20925.1
20309.9
19439.5
18668.7
17969.9
17396.7
18292
19831.1
20946.4
21965.9
23053.5
24012
24912.1
25754.8
26531.3
27249.1
27903.2
28486
29002.4
29462
29869.5
30222.2
30514.2
30739.5
30897.3
30987.3
31014.4
30986.4
30905.2
30770.6
30587.1
30359
30088.6
29778
29418.6
29000.5
28523.6
27990.7
27401.7
26757.8
26061.7
25316.5
24544
23777.3
23016.5
22265.5
21288.7
20298.4
19498.2
20701.8
20241.3
20248.9
19899
21128
22057.5
23015.8
23919.3
24753.7
25542.9
26268.9
26924.5
27527.5
28077.8
28568.9
28995.9
29361.3
29672.1
29931.8
30145.6
30315.6
30436.7
30502.1
30514.5
30484.9
30419.3
30321.4
30189
30007
29771.7
29487
29150.4
28752.8
28290.4
27762.9
27177.8
26558.3
25910.9
25233.6
24531.5
23474.1
22816.1
22089.5
21463.3
20563.2
19771.1
19037.2
18400.1
19060.9
20599.3
21690.4
22645.3
23685.1
24597.2
25447.7
26239.3
26961.3
27619.7
28210.9
28726.4
29171.5
29557.7
29891.6
30171.8
30392.9
30548.8
30639.7
30666.3
30634.3
30552.3
30424.1
30249.5
30032.9
29778.7
29488.2
29163.2
28795.7
28374
27895.7
27363.4
26777.3
26138.6
25449.9
24713.5
23948.7
23188
22436.8
21697.7
20761.8
19760.2
18958.8
20077.3
19609.8
19501.8
19140.4
20434.5
21403.2
22371.8
23317.9
24191
25021.2
25793.1
26498.2
27153
27757.1
28301.8
28781.7
29197.3
29552.1
29846.6
30083
30262.5
30381.9
30438.1
30433.1
30374
30264.3
30105.7
29900.1
29639.5
29325.2
28965.6
28561.5
28104.7
27592.9
27025.5
26406.8
25758.4
25085.2
24383.9
23659.1
22600
21926.1
21208.3
20574
19658.9
18872.2
18141.3
17511.4
18001.6
17548.3
18512.4
19312.7
20209.6
21019.2
21802.4
22555.3
23268
23936
24556.2
25127.2
25648.9
26117.4
26539.1
26912.3
27232.4
27502.5
27719.6
27879.8
27987.1
28041
28042.8
27996.5
27905.3
27770.6
27595.8
27382
27124.4
26823.7
26476.6
26078.1
25628.3
25129
24579.2
23984.6
23358.7
22710
22049.9
21384.3
20537.4
19933.8
19095.8
20168
19666.8
19434.8
20933.9
22442.5
23596.4
24723
25812.8
26786.2
27692.4
28517.4
29261.8
29944.1
30555.3
31089.5
31554.7
31950.3
32279.3
32542.6
32734.3
32855.4
32906.8
32885.7
32800.2
32658.8
32460.8
32209.2
31909.2
31552
31141.2
30684
30169.6
29589.7
28949.4
28247.1
27487
26694.8
25872.2
25018.4
24160.9
22994.2
22225.6
21446.2
20399.5
19466.7
18679.9
19917.5
19471
19945.3
19664.3
20797.2
21709.7
22697.8
23580
24417.5
25213.2
25948.8
26621.6
27244
27814.8
28329.8
28784.7
29176.7
29507.8
29777.9
29989.6
30146.5
30245.5
30284.5
30264.8
30191.9
30067.9
29896.6
29678.8
29405.1
29077.3
28699.7
28274.3
27796.5
27265
26677.6
26039.7
25374.5
24687.4
23981.1
23263.7
22190.1
21530.2
20724.2
20117.1
19271.4
20470.8
19965.5
19600.8
20860.6
22446.8
23617.2
24710.6
25807.8
26775.1
27674.8
28493.3
29228.3
29901.3
30505.1
31031.9
31489.1
31875.9
32196.5
32452.9
32639.4
32757.2
32807.5
32786.4
32701.3
32562.5
32369.5
32123.5
31828.4
31475.4
31068.4
30616.5
30109.8
29537.5
28903.2
28211.1
27462.6
26681.4
25872.5
25031.4
24182.9
23000.9
22245.6
21499.7
20499.1
19543.9
18759.9
19885.5
19414.6
19553.8
19231.5
20392.5
21294
22258.6
23143.4
23975.1
24766.9
25501.3
26173.8
26798.2
27372.9
27892.1
28351.3
28748.7
29087.6
29368.7
29594.5
29767.5
29884.6
29942.5
29943.3
29892.9
29793.7
29648.4
29458.3
29214.2
28918.2
28576.5
28188.7
27749.4
27256.8
26709
26111.5
25486.4
24837.1
24163.6
23473.2
22447.9
21811
21083.3
20486.3
19637.2
18880.7
18197.3
17609.5
18511.4
20007.6
21089.8
22079.1
23128.9
24056.1
24927.6
25740.2
26485.8
27170.5
27788.4
28332.8
28809.2
29226.1
29587.6
29891.8
30135.4
30312
30423.3
30473.2
30470.4
30424.7
30338.8
30212.4
30047.2
29845.4
29611.8
29351
29058.4
28723.4
28340.4
27905.4
27412.5
26860.7
26249.4
25578.8
24868.7
24155
23439.2
22731.4
21785.1
20828.1
20050.7
21238
20774.2
20757.8
20407.3
21592.4
22483.7
23406.7
24270.9
25068.9
25823.6
26517.4
27145.3
27721.7
28244.8
28708
29106.6
29437.9
29704.8
29909.2
30055.2
30145.5
30178.1
30151.3
30066.9
29932.9
29751.8
29526.6
29260.4
28945.1
28583.8
28184.2
27746.6
27263.6
26734
26154.8
25529.4
24880.7
24213.2
23524
22818.3
21770.8
21125
20419.7
19816.4
18953.2
18199.8
17512.2
16900
17617.9
19169.4
20285.4
21281.9
22360.9
23312.2
24208.5
25048.6
25824.5
26541.7
27196.8
27782
28301.9
28766.1
29177.5
29533.8
29830.8
30061.8
30225.5
30322.4
30357.6
30337.8
30264.7
30138
29962.4
29742.5
29480.2
29178.3
28828.6
28420.2
27952.3
27427.8
26847
26212
25525.1
24788.6
24022.7
23259.7
22504
21764.6
20820.3
19818.7
19013
20082.8
19597.3
19445.6
21063.3
22494.8
23611.8
24733.3
25792.7
26745.7
27633.7
28438.4
29163.8
29827.6
30420.1
30936.8
31386.4
31767.6
32082.4
32332.9
32513
32623.8
32666.9
32639.6
32549.3
32403.3
32201.9
31948.3
31647.9
31291.9
30883.4
30429
29916.2
29337.4
28698.5
27998.2
27240
26449.7
25629
24778.4
23926.9
22770.7
22006.9
21220.1
20161.2
19254.8
18473.4
17750.9
17107.7
17593.7
17145.8
18085.6
18872.3
19755.3
20547.8
21316.1
22054.5
22753.7
23408.9
24016.3
24575.9
25088.3
25548.4
25962.4
26330.6
26649
26919.1
27137.1
27299.4
27409.3
27466.2
27471.7
27430.3
27344.8
27216.3
27049
26843.8
26595.4
26305.5
25970.2
25584.9
25149.1
24664.8
24131.6
23554.7
22946.9
22316.2
21672.7
21026.9
20196.5
19607.6
18788.6
19820.6
19322.4
19062.8
20546
22017.4
23143.4
24244.6
25311.6
26265.7
27156.8
27968.3
28701.8
29374.7
29978.7
30507.6
30970.5
31366.7
31698.2
31967
32167.2
32299.6
32365
32361.2
32295.7
32176.6
32002.4
31775.3
31500.5
31168.9
30784.2
30353.6
29866
29312.4
28698.3
28021.9
27287.3
26520.3
25722.1
24891.2
24055
22917.3
22164.6
21404.1
20370.9
19453.6
18676.1
19891.2
19421.8
19859.4
19568.4
20651.9
21519.9
22463
23303
24100.6
24858
25556.5
26194.4
26782.8
27320.5
27804.9
28231.8
28596.9
28902.2
29149
29340.7
29479.7
29563.2
29590
29560.4
29478.8
29348.1
29173.3
28954.4
28682.3
28359.4
27990
27574.2
27107.7
26589.4
26016.6
25395.3
24748.1
24079.5
23392.2
22694.6
21646.6
21010.7
20230.9
19643.8
18823.7
19963.2
19474.8
19156.6
20506.3
22038.1
23184.4
24274.4
25354.4
26311.3
27203.5
28015.6
28747.2
29417.1
30017.5
30542.1
30999.7
31388.8
31711.9
31971.4
32162.2
32285.4
32341.8
32328.4
32252.9
32124.6
31942.6
31709
31428.1
31090.8
30700.5
30265.5
29775.5
29221.6
28609.1
27937.1
27209.6
26453.1
25668.3
24853.4
24033.5
22895
22165.3
21440.8
20454.3
19541.9
18787.1
20055.2
19620.6
19894.9
19604.6
20746.1
21646.1
22614.5
23488.4
24311.1
25092.4
25813.6
26472.5
27082.5
27642.9
28149.5
28596.6
28981.2
29304.8
29568.5
29775.6
29928.6
30024.8
30062.1
30041.2
29967.7
29844.2
29674.4
29459.1
29188.7
28865.1
28493
28072.8
27597.7
27066.4
26476.3
25834.4
25164.7
24472.3
23760.1
23040.2
21973.4
21332.8
20595.8
20023.6
19215.3
18500.5
17867.6
17379.4
18375.8
19950
21122.5
22207.7
23344.5
24350.2
25291.4
26162.9
26958.5
27686.7
28344.1
28924.6
29435.7
29886
30278.9
30612.4
30881.3
31079.7
31206.4
31263.1
31255.6
31190.5
31068.5
30891.1
30664.4
30392.4
30077.7
29722.4
29317.6
28852.4
28325.4
27738.9
27092.9
26389.5
25632.4
24825.8
23993.6
23169.5
22352.3
21545.1
20511.6
19480.7
18636.5
19523.4
19003.6
18969.8
18591.9
19739.8
20610.7
21527.3
22391.6
23198.7
23971.6
24692.3
25355.2
25972.6
26544.3
27063.6
27524.9
27926.5
28270.7
28558.3
28793.2
28975.7
29103.1
29172.7
29185.7
29148
29062
28930.2
28753.8
28525.9
28248.2
27927.4
27563.8
27150.6
26685.2
26166.1
25596.8
24996.4
24368.9
23713.7
23036.1
22054.5
21416.6
20711.4
20110.8
19252.9
18501.2
17812.6
17226.3
17949.3
19489.8
20591.6
21568.3
22628.5
23558.4
24430.5
25244.6
25992.9
26681.8
27308.3
27865.3
28358.5
28796.6
29182.5
29515.4
29790
29999.3
30142.8
30220.7
30237.8
30201.3
30113.2
29973.1
29786.3
29556.8
29286.5
28978.2
28625.3
28215.7
27747.8
27225
26646.7
26014.1
25329.8
24596.5
23833.8
23073.7
22320.4
21578.3
20636.5
19640
18838.9
19846.7
19364.3
19245
20856.3
22275.3
23377.4
24481.4
25525.1
26461.9
27333.9
28123.9
28835.9
29485.3
30063.5
30566.5
31003.9
31374.8
31680.7
31922.4
32094
32198.3
32237
32208.2
32119.6
31978.4
31781.9
31534.1
31240.1
30890.8
30489.9
30043.6
29540.3
28972.1
28345.1
27658.2
26915.1
26139.7
25333.7
24498.4
23661.1
22530.2
21776.8
20995
19948.7
19055.6
18287.6
19568.5
19133.5
19824.8
19571.4
20652.8
21539.6
22500.1
23346.3
24152
24914.7
25617
26257.6
26847.3
27384.8
27868.9
28295.2
28658.5
28960.7
29202.9
29389
29522.7
29601.2
29623.5
29590.2
29505.6
29373
29197.5
28979
28707.4
28384.5
28013.9
27596.4
27128
26609
26036
25415.2
24769.1
24102.4
23420.9
22733.7
21685.9
21060.3
20250.8
19683.3
18888.4
20023.8
19560.6
19364.3
20872.3
